Fri. Jul. 18, 2014             LANDSAT 1                 Time: 13:08
                         Image Assessment System
                           GCP Residual Report
----------------------------------------------------------------------------
WOID: L12478139            Path/Row: 036 / 032

L0R Reference Image: L11XXX1173191170101_HDF.141991757
Acquisition Date: Jul 10, 1973

Band Number:  7

GeoCover date for each WRS-1 path/row used:
Path  Row   Date
033   031   2000-06-10
033   032   2002-09-20
033   033   2000-09-14
034   031   1999-10-05
034   032   2001-09-24
034   033   2001-09-24


Point_ID      Latitude  Longitude    Height       Across    Along    Residual  Residual
                                                   Scan      Scan      In y      in x
                                                 Residual  Residual    dir       dir
                (deg)     (deg)     (meters)     (meters)  (meters)  (meters)  (meters)

0330310030   41.098864 -104.870915  1871.972       0.000     0.000     2.845   -21.640
0330320010   40.902818 -104.674681  1689.691       0.000     0.000   -17.047    -1.126
0330320015   39.949176 -105.364773  2217.562       0.000     0.000   110.164   -54.835
0330320022   40.862705 -105.089231  1708.327       0.000     0.000   -34.252    24.524
0330320028   40.884313 -104.632041  1643.563       0.000     0.000    17.475    15.354
0330320030   40.215505 -105.416966  2141.612       0.000     0.000     1.744   -23.015
0330320038   40.843921 -104.524079  1595.318       0.000     0.000   -12.224    14.848
0330320052   39.838356 -105.085086  1651.199       0.000     0.000    30.748    -1.192
0330320053   39.874769 -105.461904  2747.018       0.000     0.000   -20.683    -0.026
0330320064   40.891353 -105.087133  1754.671       0.000     0.000   -20.613    20.206
0330320092   40.838312 -105.155385  1759.750       0.000     0.000    -5.561    16.098
0330320109   40.607059 -105.059102  1501.470       0.000     0.000   -77.857  -122.994
0330320117   40.318222 -105.215625  1745.836       0.000     0.000   -75.709    75.012
0330320118   39.820905 -105.409664  2592.809       0.000     0.000   -25.186    23.554
0330320122   40.585868 -105.169688  1643.000       0.000     0.000    80.188    76.800
0330320124   40.775587 -104.471241  1566.465       0.000     0.000   -22.480    27.508
0330320126   40.350643 -105.222087  1743.086       0.000     0.000   183.259     4.055
0330320129   40.182197 -104.973453  1467.977       0.000     0.000    -1.265    19.382
0330320144   39.785944 -105.501951  2598.923       0.000     0.000    -5.311     4.167
0330320159   40.733926 -104.462334  1550.581       0.000     0.000    -0.062    67.779
0330320171   39.997624 -104.574990  1530.000       0.000     0.000  -101.065  -119.577
0330320176   40.447068 -105.037736  1498.000       0.000     0.000    -8.504    -8.259
0330320179   40.816090 -105.195174  1759.800       0.000     0.000   -26.396    22.030
0330320197   40.150512 -105.278495  1705.994       0.000     0.000   -14.640     3.559
0330320200   39.945777 -105.209535  1726.752       0.000     0.000     7.880   -16.866
0330320203   40.331353 -105.099828  1558.982       0.000     0.000    10.080   -12.108
0330320208   39.902488 -105.231162  1844.809       0.000     0.000   -23.202   -31.047
0330320230   40.311810 -105.170413  1586.457       0.000     0.000    24.099     4.516
0330320232   40.143074 -105.217888  1575.196       0.000     0.000    31.684    -3.037
0330320236   40.066875 -105.205684  1560.660       0.000     0.000     5.203   -26.028
0330320239   40.272634 -105.297344  1753.405       0.000     0.000    -6.855    -0.232
0330320241   40.729176 -105.113921  1598.551       0.000     0.000    11.160    30.841
0330320244   40.534626 -105.061164  1508.109       0.000     0.000    -7.435    61.790
0330320255   40.339971 -105.130924  1550.082       0.000     0.000    42.213     5.434
0330320264   40.687055 -105.062013  1578.527       0.000     0.000   -20.282   -12.459
0330320272   39.684283 -105.083497  1676.266       0.000     0.000    19.793    -1.222
0330320277   41.091869 -104.903078  1905.218       0.000     0.000    26.902   -66.280
0330320288   40.653543 -105.061982  1554.000       0.000     0.000   -11.131    23.009
0330320290   40.195065 -105.158841  1534.868       0.000     0.000    49.977   -12.297
0330320302   40.228626 -105.121541  1540.389       0.000     0.000    13.426    -8.629
0330320309   40.657260 -105.137930  1576.076       0.000     0.000     5.612    -3.856
0330320312   40.669419 -104.713442  1522.611       0.000     0.000   -36.618     4.010
0330320317   40.110576 -105.249466  1619.975       0.000     0.000    -7.811   -23.333
0330320330   40.889653 -105.160491  1792.932       0.000     0.000   -23.703    40.599
0330320340   40.655140 -105.097471  1535.000       0.000     0.000     3.259     0.618
0330320342   39.908555 -105.388424  2705.705       0.000     0.000    -2.960     0.676
0330320353   40.364776 -105.176199  1599.700       0.000     0.000   -24.897    13.444
0330320359   39.873459 -105.125121  1668.465       0.000     0.000    46.276    54.173
0330320369   40.261027 -105.149117  1543.355       0.000     0.000     6.810     1.164
0330320377   40.191764 -105.196193  1548.212       0.000     0.000    14.166   -18.357
0330320387   39.911087 -105.255059  1843.421       0.000     0.000   -34.707   -26.977
0330320402   40.705749 -105.236048  1659.507       0.000     0.000    -9.757    14.630
0330320403   39.685828 -105.387873  2456.837       0.000     0.000   -35.963     5.956
0330320411   40.926928 -105.174121  1941.212       0.000     0.000     2.626     2.722
0330320417   39.649002 -105.198846  1802.930       0.000     0.000   -21.279   -20.999
0330320418   40.597513 -105.293106  2216.132       0.000     0.000   -36.708    17.816
0330320422   39.724917 -105.334884  2089.173       0.000     0.000    -4.034   -11.904
0330320423   39.645799 -105.173661  1728.014       0.000     0.000     7.614    -2.494
0330320425   39.698491 -105.311662  2252.458       0.000     0.000    -2.006     0.651
0330320426   39.704139 -105.202503  1959.509       0.000     0.000   -27.166    -1.605
0330320427   39.730558 -105.239689  2216.098       0.000     0.000   -14.804    -0.906
0330320428   39.655212 -105.322658  2167.757       0.000     0.000   -10.809   -11.914
0330320429   40.975600 -105.154994  2070.392       0.000     0.000   -13.643    11.872
0330320435   40.946957 -105.152075  1965.303       0.000     0.000    -2.783    12.451
0330330001   39.560600 -105.204879  2250.507       0.000     0.000   -20.482    31.426
0330330006   39.660693 -104.844953  1697.628       0.000     0.000   -21.759    47.160
0330330012   39.646240 -105.340798  2260.218       0.000     0.000    -0.004    -9.848
0330330069   39.755852 -105.146621  1685.451       0.000     0.000    13.762   -22.414
0330330147   39.827878 -105.493141  2762.004       0.000     0.000   -17.830     5.391
0330330208   39.660138 -105.165304  1742.345       0.000     0.000    -9.725    12.022
0330330218   39.621765 -105.156824  1761.042       0.000     0.000     0.477     6.092
0330330236   39.573212 -105.028176  1629.827       0.000     0.000    31.203    27.063
0330330299   39.801402 -105.490149  2474.965       0.000     0.000   -15.582     2.474
0330330324   39.604474 -105.150495  1794.391       0.000     0.000    -2.726    22.659
0330330348   39.682884 -105.378761  2408.488       0.000     0.000   -37.531    13.682
0340310003   41.214653 -105.739964  2187.556       0.000     0.000   -31.676    21.619
0340310015   41.170105 -105.592834  2225.756       0.000     0.000    34.785   -10.982
0340310045   41.014250 -104.848603  1870.336       0.000     0.000    11.810   -12.132
0340310050   40.828281 -104.604955  1644.505       0.000     0.000    15.349   -12.917
0340310053   41.104271 -105.572235  2277.361       0.000     0.000     7.681    -5.955
0340310066   40.975922 -105.110422  2033.781       0.000     0.000    18.918   -10.458
0340310102   41.170936 -105.533475  2332.911       0.000     0.000    25.768   -11.294
0340310103   41.185498 -105.735343  2186.000       0.000     0.000    68.831    15.843
0340310119   41.118992 -105.739603  2229.936       0.000     0.000     2.715   -14.302
0340310122   41.089097 -105.679260  2273.043       0.000     0.000    -1.728   -30.495
0340310127   40.910497 -104.866651  1732.841       0.000     0.000    -0.484    -4.478
0340310131   41.178414 -105.236663  2189.927       0.000     0.000    37.274   -18.130
0340310134   41.223439 -105.625529  2191.892       0.000     0.000    32.288   -25.854
0340310139   40.926657 -105.174477  1925.026       0.000     0.000    11.288   -13.685
0340310143   41.044233 -105.297577  2353.515       0.000     0.000    -7.349     5.787
0340310211   41.228737 -105.408661  2655.917       0.000     0.000    -4.806     8.166
0340310236   41.262038 -105.681049  2178.558       0.000     0.000    21.048    -5.619
0340310244   40.920218 -105.140256  1962.830       0.000     0.000    -4.343    -2.355
0340310257   41.172450 -105.658662  2209.599       0.000     0.000    14.709   -14.094
0340310262   41.079752 -105.498451  2352.349       0.000     0.000   -61.494   -59.013
0340310290   41.238546 -105.722333  2185.623       0.000     0.000    18.536    -7.357
0340310304   41.148560 -105.458215  2481.679       0.000     0.000   -18.113   -29.690
0340310333   41.161824 -105.377493  2525.424       0.000     0.000   -35.158    -0.811
0340310342   41.124948 -105.648180  2234.072       0.000     0.000    25.617    -3.151
0340310387   41.134353 -105.703317  2222.698       0.000     0.000     5.980    -0.986
0340310398   40.975871 -105.154638  2074.483       0.000     0.000    -5.660     3.306
0340320001   39.917702 -105.401113  2689.106       0.000     0.000     2.210    -9.854
0340320006   39.858373 -105.060559  1651.748       0.000     0.000    15.292    15.577
0340320010   40.051470 -105.778231  2990.515       0.000     0.000   -38.571   -22.499
0340320013   39.948115 -105.358446  2166.798       0.000     0.000    12.567   -11.243
0340320014   40.568573 -105.391505  2422.299       0.000     0.000   -36.040     4.589
0340320017   40.664731 -105.203250  1577.611       0.000     0.000   -26.562     2.454
0340320023   39.639704 -105.254059  2283.510       0.000     0.000   -17.061     6.038
0340320025   39.645970 -105.340797  2259.740       0.000     0.000     1.897   -10.786
0340320028   40.471939 -104.993158  1488.848       0.000     0.000   -58.700   -27.597
0340320032   40.072821 -105.205702  1557.310       0.000     0.000    45.851   -40.543
0340320033   39.572941 -105.028176  1630.716       0.000     0.000    25.664    21.660
0340320035   39.766942 -105.140340  1664.874       0.000     0.000    13.275    -0.673
0340320037   39.789135 -105.115158  1633.129       0.000     0.000    -7.415    17.603
0340320039   39.783614 -105.406640  2630.900       0.000     0.000    -4.794    -2.894
0340320042   40.159147 -105.840753  2529.062       0.000     0.000    66.582   -38.686
0340320043   40.838311 -105.156097  1761.545       0.000     0.000    -4.286    19.131
0340320058   40.161448 -105.894328  2516.883       0.000     0.000     3.780    23.920
0340320060   40.653002 -105.061982  1554.000       0.000     0.000    -5.490    27.654
0340320064   39.764221 -105.632787  2471.385       0.000     0.000   -13.694    18.888
0340320065   40.611322 -105.132161  1533.530       0.000     0.000    17.571    -1.413
0340320067   40.884313 -104.632041  1643.536       0.000     0.000    23.333     7.025
0340320069   39.740653 -105.591256  2811.750       0.000     0.000    -1.003     6.543
0340320079   40.180398 -105.817054  2521.547       0.000     0.000    22.112   -20.443
0340320081   39.724602 -105.244569  2221.172       0.000     0.000   -10.033    -1.546
0340320083   40.624884 -105.079691  1517.000       0.000     0.000    20.083   -22.543
0340320087   40.308126 -105.077905  1519.119       0.000     0.000    -3.391    -3.498
0340320102   40.388648 -105.104155  1512.804       0.000     0.000    13.493    20.452
0340320106   41.126404 -105.721459  2221.424       0.000     0.000     7.652    11.052
0340320108   39.674147 -105.853732  3719.482       0.000     0.000    25.824     8.585
0340320109   39.968435 -105.898131  2650.556       0.000     0.000   -21.136   -19.259
0340320111   39.820905 -105.409664  2592.379       0.000     0.000   -19.395    27.578
0340320116   40.133948 -105.811567  2515.662       0.000     0.000    10.129   -41.913
0340320122   39.939772 -105.658278  3436.166       0.000     0.000     9.046    -4.879
0340320125   40.521641 -105.080277  1521.817       0.000     0.000    30.085    22.992
0340320132   39.690788 -105.358511  2376.347       0.000     0.000   -25.861    11.481
0340320135   40.492480 -105.008732  1470.000       0.000     0.000    -8.337    -4.434
0340320145   40.041472 -105.203498  1558.482       0.000     0.000    22.937   -35.887
0340320153   40.221179 -105.601759  3135.697       0.000     0.000   -16.982    -3.257
0340320154   40.404351 -105.068117  1510.317       0.000     0.000    14.019    31.466
0340320156   40.614694 -105.858495  2786.779       0.000     0.000    -0.367    33.537
0340320160   39.783838 -105.784316  3165.648       0.000     0.000    -4.111    14.680
0340320161   39.719946 -105.716388  3286.066       0.000     0.000    -6.820    32.997
0340320165   40.003078 -105.210413  1598.811       0.000     0.000    24.451   -28.693
0340320169   39.900198 -105.764585  2860.429       0.000     0.000    -1.829     0.364
0340320171   39.785947 -105.501251  2597.410       0.000     0.000    -4.181    14.525
0340320174   39.746876 -105.955474  3610.270       0.000     0.000    15.831     1.156
0340320176   40.215505 -105.416966  2136.051       0.000     0.000    -6.297    -6.687
0340320181   39.793556 -105.932293  3490.314       0.000     0.000    20.125    -1.433
0340320185   40.662323 -105.472262  2204.514       0.000     0.000   -24.053     3.574
0340320188   40.321066 -105.513661  2518.533       0.000     0.000   -23.021    11.308
0340320189   40.158414 -105.019257  1485.659       0.000     0.000   -17.219   -44.569
0340320190   40.167436 -105.197532  1556.960       0.000     0.000    27.644   -18.783
0340320195   40.207641 -105.492358  2456.819       0.000     0.000    -5.207   -10.027
0340320199   40.585991 -104.977548  1511.660       0.000     0.000    -6.020    -4.716
0340320207   40.748104 -105.103292  1603.047       0.000     0.000    -2.050    13.317
0340320208   40.858394 -104.640015  1640.482       0.000     0.000    -3.061     6.405
0340320213   40.998907 -104.905354  1842.023       0.000     0.000     2.820   -20.269
0340320215   40.461848 -105.841685  2974.806       0.000     0.000    10.711    38.233
0340320216   40.648691 -104.971850  1553.662       0.000     0.000    25.702    -4.986
0340320218   40.956210 -104.635207  1766.772       0.000     0.000    28.453   -15.808
0340320230   40.847264 -105.672870  2727.018       0.000     0.000   -67.236     6.235
0340320238   40.346385 -105.532928  2442.430       0.000     0.000    -8.973    14.157
0340320241   39.698431 -105.333356  2340.103       0.000     0.000    -5.682     3.584
0340320246   40.339971 -105.130924  1550.287       0.000     0.000    38.867    -0.125
0340320252   40.396245 -105.868440  3121.818       0.000     0.000   -21.166    19.427
0340320256   39.741065 -105.053454  1619.655       0.000     0.000    17.723     4.934
0340320257   39.944157 -105.208125  1726.249       0.000     0.000   -19.976   -17.255
0340320258   39.770798 -105.055579  1637.043       0.000     0.000    14.142    -2.895
0340320259   40.515038 -105.884844  3157.571       0.000     0.000     9.504    29.696
0340320260   39.838356 -105.085086  1650.686       0.000     0.000    27.101    -3.354
0340320261   40.192876 -105.177164  1546.586       0.000     0.000    18.144     6.359
0340320262   39.879749 -105.750324  2846.051       0.000     0.000   -11.261    11.960
0340320264   39.822323 -105.583542  2946.591       0.000     0.000    -6.466    -3.532
0340320275   40.616255 -105.042796  1524.877       0.000     0.000   -21.944    -3.693
0340320277   40.163808 -105.054489  1500.667       0.000     0.000     4.416   -15.090
0340320281   39.900411 -105.398906  2703.883       0.000     0.000    10.370    -1.449
0340320282   40.883197 -104.862789  1710.810       0.000     0.000     1.020    10.856
0340320288   40.402838 -105.692465  3497.808       0.000     0.000     4.546   -18.475
0340320293   40.304795 -105.881389  2919.487       0.000     0.000   -12.985    -9.819
0340320294   40.626776 -105.832401  2876.150       0.000     0.000   -29.929     8.994
0340320296   39.622809 -105.851003  3618.224       0.000     0.000   -10.549     1.308
0340320298   40.524372 -104.995278  1464.000       0.000     0.000   -15.253   -11.429
0340320300   40.123196 -104.862216  1500.050       0.000     0.000    23.485   -12.748
0340320304   39.621495 -105.156823  1761.250       0.000     0.000    12.540     5.913
0340320305   39.987816 -105.836541  2534.696       0.000     0.000    -1.489   -21.555
0340320307   40.262769 -105.863203  2625.000       0.000     0.000     9.362     6.624
0340320309   40.496053 -105.416574  2865.061       0.000     0.000    -4.823    17.705
0340320311   40.078593 -105.677206  3534.128       0.000     0.000   -25.276   -42.451
0340320315   40.312789 -105.963403  2940.134       0.000     0.000     0.472     4.105
0340320317   40.976192 -105.110065  2034.159       0.000     0.000    26.749    -5.302
0340320318   40.556822 -105.787596  2884.477       0.000     0.000   -17.070    43.665
0340320320   40.368598 -105.149354  1555.388       0.000     0.000   -14.953    32.673
0340320321   40.502812 -105.781299  3078.671       0.000     0.000    -2.407    37.570
0340320327   40.323387 -105.923299  3220.277       0.000     0.000     5.588     6.036
0340320332   40.150512 -105.278495  1705.229       0.000     0.000   -15.670     4.876
0340320333   40.449230 -105.038444  1498.000       0.000     0.000    15.697    34.951
0340320336   40.666436 -105.148597  1582.733       0.000     0.000    20.101    -0.644
0340320338   40.340494 -105.878321  2846.318       0.000     0.000    -0.440   -11.629
0340320340   40.443262 -105.080891  1528.739       0.000     0.000    -1.884    -6.712
0340320342   39.605893 -105.713813  3395.337       0.000     0.000    43.198   -28.981
0340320345   40.975280 -104.687162  1795.922       0.000     0.000    15.842   -11.476
0340320349   40.061377 -105.902867  2464.228       0.000     0.000   -11.208   -27.281
0340320352   39.827306 -105.249841  1847.040       0.000     0.000    26.376   -11.709
0340320354   40.789620 -105.186563  1854.644       0.000     0.000   -13.176    15.515
0340320356   40.176794 -104.986845  1474.932       0.000     0.000    31.365     2.113
0340320357   40.225375 -105.127882  1540.529       0.000     0.000    26.832    -2.368
0340320360   40.706502 -105.081209  1573.000       0.000     0.000    -5.095   -42.013
0340320363   41.022537 -105.209342  2219.104       0.000     0.000   -17.749    21.519
0340320369   39.685828 -105.387873  2458.439       0.000     0.000   -33.652     9.187
0340320371   40.781568 -105.148142  1682.665       0.000     0.000   -29.735     5.034
0340320373   39.723046 -105.960745  3626.267       0.000     0.000    13.291     0.613
0340320376   40.032311 -105.533992  2884.216       0.000     0.000     0.723    -6.029
0340320381   40.816090 -105.195174  1758.113       0.000     0.000   -27.181    14.050
0340320386   40.137684 -105.209419  1565.783       0.000     0.000    38.025   -33.737
0340320387   40.926928 -105.174121  1936.963       0.000     0.000     6.455    -0.062
0340320394   40.272634 -105.297344  1754.430       0.000     0.000   -17.819     5.800
0340320395   40.043299 -105.344877  2064.656       0.000     0.000     6.916   -29.203
0340320396   40.062041 -105.400551  2439.897       0.000     0.000   -21.169   -15.289
0340320408   40.997353 -105.343380  2210.080       0.000     0.000   -11.988     2.300
0340320420   40.975601 -105.154280  2075.527       0.000     0.000    -9.854     9.977
0340320421   41.047239 -105.284383  2353.271       0.000     0.000    -0.822    19.041
0340320422   41.018521 -105.471228  2338.253       0.000     0.000   -34.375    20.935
0340320423   41.016993 -105.447669  2304.699       0.000     0.000   -28.450    -5.143
0340320435   40.997710 -104.811187  1906.927       0.000     0.000   -15.378   -32.443
0340320437   40.960961 -104.600957  1750.913       0.000     0.000    19.294     0.329
0340330205   39.622541 -105.850651  3619.485       0.000     0.000   -12.607     6.118
0340330244   39.606161 -105.714165  3396.501       0.000     0.000    37.679   -16.618
0340330416   39.542028 -105.293853  2444.630       0.000     0.000   -24.911    18.574
0340330428   39.554575 -105.245019  2370.739       0.000     0.000    -4.751    19.167
0340330433   39.553798 -105.339298  2529.771       0.000     0.000   -10.706    10.129
0340330434   39.579835 -105.307986  2337.037       0.000     0.000   -25.299    10.807
