==============================================================================
==============================================================================
Fri. Jul. 18 2014                  LANDSAT 1                       Time: 18:14
                            Image Assessment System
                            GEOMETRIC VERIFY Report
==============================================================================
Order ID: 0101407172653_00681                          Path / Row - 36 / 32
Reference Image: L11XXX1173191170101_HDF.L1G

Color mapping per rank
----------------------
Rank  1 is Green: total residual <= 0.5
Rank  2 is Cyan: 0.5 < total residual <=  1
Rank  3 is Blue:  1 < total residual <=  2
Rank  4 is Yellow:  2 < total residual <=  3
Rank  5 is Red:  3 < total residual

Percentage of residuals by rank
-------------------------------
Rank   1 -- 72.9%
Rank   2 -- 27.1%
Rank   3 --  0.0%
Rank   4 --  0.0%
Rank   5 --  0.0%

       GCP    Latitude    Longitude  Sample   Line     Total    Rank
        ID                           Residual Residual Residual
              (Degree)    (Degree)   (Pixel)  (Pixel)  (Pixel)
----------------------------------------------------------------------
0360320540   41.14799   -106.01342     0.14      0.21     0.26     1 
0360320620   41.12363   -105.81292    -0.18     -0.05     0.19     1 
0360320691   41.09645   -105.97262     0.52      0.01     0.52     2 
0360320692   41.09678   -105.93261     0.20     -0.22     0.30     1 
0360320693   41.09710   -105.89261     0.16     -0.20     0.25     1 
0360320694   41.09740   -105.85260    -0.03      0.21     0.21     1 
0360320699   41.09871   -105.65257    -0.03      0.16     0.16     1 
0360320700   41.09893   -105.61256    -0.06     -0.03     0.07     1 
0360320701   41.09913   -105.57255    -0.11      0.14     0.18     1 
0360320702   41.09933   -105.53254     0.00     -0.11     0.11     1 
0360320703   41.09951   -105.49253     0.30      0.16     0.35     1 
0360320712   41.10048   -105.13242    -0.47      0.33     0.58     2 
0360320713   41.10052   -105.09241    -0.42      0.36     0.55     2 
0360320715   41.10056   -105.01238    -0.49      0.48     0.69     2 
0360320716   41.10055   -104.97237    -0.47      0.23     0.53     2 
0360320767   41.07084   -105.93225     0.23     -0.30     0.38     1 
0360320768   41.07116   -105.89226     0.29     -0.15     0.33     1 
0360320779   41.07373   -105.45234     0.19     -0.17     0.26     1 
0360320790   41.07461   -105.01238    -0.27      0.17     0.32     1 
0360320798   41.07420   -104.69241    -0.31     -0.15     0.35     1 
0360320800   41.07396   -104.61242    -0.34      0.08     0.35     1 
0360320841   41.04457   -105.97186     0.18     -0.40     0.44     1 
0360320842   41.04490   -105.93188     0.20     -0.38     0.43     1 
0360320844   41.04552   -105.85193    -0.02      0.02     0.03     1 
0360320845   41.04581   -105.81196     0.22     -0.16     0.27     1 
0360320846   41.04608   -105.77198    -0.07     -0.15     0.17     1 
0360320847   41.04635   -105.73201    -0.25      0.34     0.42     1 
0360320850   41.04704   -105.61208     0.65      0.10     0.66     2 
0360320856   41.04807   -105.37220     0.30     -0.05     0.30     1 
0360320857   41.04819   -105.33222    -0.03     -0.07     0.07     1 
0360320858   41.04830   -105.29224     0.10     -0.16     0.18     1 
0360320917   41.01896   -105.93152     0.09     -0.14     0.17     1 
0360320920   41.01987   -105.81164     0.31     -0.28     0.42     1 
0360320925   41.02110   -105.61183     0.66     -0.21     0.69     2 
0360320930   41.02199   -105.41202     0.29     -0.24     0.37     1 
0360320931   41.02213   -105.37206     0.13     -0.12     0.17     1 
0360320932   41.02225   -105.33209     0.04     -0.10     0.11     1 
0360320933   41.02236   -105.29213    -0.04     -0.14     0.14     1 
0360320939   41.02271   -105.05234    -0.18      0.10     0.20     1 
0360320940   41.02273   -105.01237    -0.09      0.02     0.10     1 
0360320950   41.02208   -104.61272    -0.14      0.06     0.15     1 
0360320991   40.99269   -105.97109     0.40     -0.49     0.64     2 
0360320993   40.99334   -105.89121     0.50      0.12     0.51     2 
0360320995   40.99393   -105.81132     0.31     -0.45     0.55     2 
0360320996   40.99420   -105.77138     0.35      0.01     0.35     1 
0360320999   40.99494   -105.65154     0.56     -0.21     0.60     2 
0360321000   40.99516   -105.61159     0.75     -0.32     0.81     2 
0360321001   40.99537   -105.57165     0.72     -0.35     0.80     2 
0360321003   40.99574   -105.49175     0.71     -0.27     0.76     2 
0360321004   40.99590   -105.45181     0.73      0.07     0.73     2 
0360321005   40.99605   -105.41186     0.39     -0.07     0.40     1 
0360321006   40.99618   -105.37191     0.32     -0.12     0.35     1 
0360321007   40.99631   -105.33196     0.18     -0.05     0.19     1 
0360321008   40.99641   -105.29201     0.02      0.16     0.16     1 
0360321009   40.99651   -105.25206    -0.01     -0.17     0.17     1 
0360321010   40.99659   -105.21211     0.06     -0.14     0.15     1 
0360321019   40.99669   -104.85257    -0.21      0.61     0.65     2 
0360321073   40.96877   -105.69122     0.71     -0.14     0.72     2 
0360321074   40.96900   -105.65129     0.69     -0.37     0.78     2 
0360321075   40.96922   -105.61136     0.67     -0.19     0.69     2 
0360321076   40.96942   -105.57143     0.62     -0.27     0.68     2 
0360321077   40.96961   -105.53149     0.61     -0.45     0.76     2 
0360321078   40.96979   -105.49156     0.50     -0.05     0.50     1 
0360321079   40.96995   -105.45163     0.44      0.04     0.44     1 
0360321080   40.97010   -105.41170     0.44     -0.31     0.54     2 
0360321081   40.97024   -105.37176     0.46     -0.09     0.47     1 
0360321084   40.97056   -105.25196     0.15     -0.24     0.28     1 
0360321085   40.97064   -105.21203     0.14     -0.19     0.24     1 
0360321086   40.97071   -105.17210     0.03     -0.15     0.15     1 
0360321087   40.97076   -105.13216    -0.08     -0.09     0.12     1 
0360321088   40.97080   -105.09223    -0.30      0.04     0.31     1 
0360321089   40.97083   -105.05230     0.06      0.02     0.07     1 
0360321093   40.97079   -104.89256    -0.06      0.22     0.23     1 
0360321100   40.97019   -104.61302     0.04      0.22     0.22     1 
0360321138   40.93974   -106.09006     0.62     -0.14     0.64     2 
0360321148   40.94283   -105.69095     0.68     -0.22     0.72     2 
0360321150   40.94328   -105.61112     0.67     -0.39     0.78     2 
0360321154   40.94401   -105.45145     0.43     -0.01     0.43     1 
0360321155   40.94416   -105.41154     0.75     -0.30     0.80     2 
0360321156   40.94430   -105.37162     0.66     -0.14     0.67     2 
0360321159   40.94462   -105.25186     0.22     -0.10     0.24     1 
0360321160   40.94470   -105.21195     0.25     -0.16     0.29     1 
0360321161   40.94477   -105.17203    -0.00     -0.15     0.15     1 
0360321162   40.94482   -105.13211     0.13     -0.12     0.17     1 
0360321163   40.94486   -105.09219     0.05      0.05     0.07     1 
0360321168   40.94485   -104.89260     0.00      0.18     0.18     1 
0360321169   40.94480   -104.85268    -0.10      0.08     0.13     1 
0360321173   40.94449   -104.69301    -0.08      0.08     0.11     1 
0360321175   40.94425   -104.61317    -0.37     -0.10     0.39     1 
0360321176   40.94411   -104.57326    -0.33     -0.04     0.33     1 
0360321214   40.91417   -106.04974     0.78      0.06     0.79     2 
0360321219   40.91582   -105.85027     0.25     -0.57     0.62     2 
0360321221   40.91638   -105.77047     0.68     -0.04     0.68     2 
0360321229   40.91807   -105.45128     0.57     -0.21     0.61     2 
0360321230   40.91822   -105.41138     0.46     -0.19     0.50     2 
0360321231   40.91835   -105.37147     0.44     -0.20     0.48     1 
0360321235   40.91876   -105.21187     0.13     -0.07     0.15     1 
0360321236   40.91882   -105.17196     0.05     -0.15     0.16     1 
0360321237   40.91888   -105.13206     0.05     -0.14     0.15     1 
0360321238   40.91891   -105.09216     0.02     -0.18     0.19     1 
0360321240   40.91895   -105.01235     0.09      0.09     0.13     1 
0360321246   40.91873   -104.77294     0.17      0.16     0.23     1 
0360321247   40.91864   -104.73303    -0.05     -0.05     0.07     1 
0360321249   40.91843   -104.65323    -0.13     -0.03     0.13     1 
0360321250   40.91830   -104.61333    -0.03     -0.08     0.09     1 
0360321251   40.91816   -104.57343    -0.24      0.14     0.27     1 
0360321260   40.91627   -104.21433    -0.29      0.12     0.32     1 
0360321287   40.88748   -106.12909     0.66     -0.33     0.74     2 
0360321288   40.88786   -106.08921     0.73     -0.01     0.73     2 
0360321302   40.89179   -105.53087     0.73     -0.31     0.79     2 
0360321304   40.89213   -105.45110     0.73     -0.12     0.74     2 
0360321305   40.89227   -105.41121     0.57     -0.26     0.63     2 
0360321307   40.89253   -105.33144    -0.04     -0.20     0.20     1 
0360321310   40.89281   -105.21178     0.12     -0.21     0.24     1 
0360321311   40.89288   -105.17190     0.12     -0.34     0.36     1 
0360321312   40.89293   -105.13201     0.12     -0.26     0.29     1 
0360321313   40.89297   -105.09212     0.13     -0.22     0.25     1 
0360321314   40.89300   -105.05223     0.53     -0.05     0.53     2 
0360321321   40.89278   -104.77302     0.08      0.13     0.15     1 
0360321322   40.89270   -104.73314    -0.09      0.06     0.10     1 
0360321324   40.89249   -104.65336    -0.08     -0.10     0.13     1 
0360321325   40.89236   -104.61348    -0.01     -0.11     0.11     1 
0360321327   40.89207   -104.53371    -0.37     -0.02     0.37     1 
0360321361   40.86114   -106.16850     0.28      0.03     0.28     1 
0360321362   40.86154   -106.12865     0.69     -0.24     0.73     2 
0360321363   40.86192   -106.08878     0.35     -0.31     0.47     1 
0360321370   40.86422   -105.80974     0.73     -0.38     0.83     2 
0360321375   40.86545   -105.61040     0.80     -0.12     0.81     2 
0360321378   40.86602   -105.49079     0.70     -0.10     0.71     2 
0360321382   40.86659   -105.33131     0.23     -0.13     0.26     1 
0360321385   40.86687   -105.21170     0.01     -0.32     0.32     1 
0360321391   40.86706   -104.97247     0.18     -0.02     0.18     1 
0360321400   40.86642   -104.61363    -0.02     -0.23     0.23     1 
0360321402   40.86612   -104.53389    -0.06     -0.33     0.34     1 
0360321437   40.83560   -106.12820     0.29      0.06     0.30     1 
0360321438   40.83599   -106.08836     0.22      0.17     0.28     1 
0360321457   40.84064   -105.33118     0.75     -0.02     0.75     2 
0360321460   40.84092   -105.21162     0.02     -0.32     0.33     1 
0360321461   40.84099   -105.17176     0.30     -0.46     0.55     2 
0360321471   40.84090   -104.77320     0.01      0.12     0.12     1 
0360321477   40.84018   -104.53407     0.05     -0.23     0.24     1 
0360321478   40.84001   -104.49422     0.25     -0.15     0.29     1 
0360321480   40.83963   -104.41451    -0.40     -0.26     0.48     1 
0360321487   40.83788   -104.13555     0.21     -0.36     0.42     1 
0360321517   40.81144   -105.92861     0.64     -0.44     0.78     2 
0360321519   40.81205   -105.84894     0.56     -0.29     0.63     2 
0360321520   40.81234   -105.80911     0.65     -0.42     0.78     2 
0360321525   40.81356   -105.60993     0.76     -0.31     0.83     2 
0360321526   40.81377   -105.57009     0.58     -0.13     0.60     2 
0360321529   40.81430   -105.45057     0.66     -0.02     0.66     2 
0360321530   40.81444   -105.41073     0.57      0.01     0.57     2 
0360321536   40.81505   -105.17169     0.32     -0.43     0.54     2 
0360321552   40.81423   -104.53425    -0.05     -0.34     0.34     1 
0360321589   40.78447   -106.04770     0.55     -0.08     0.55     2 
0360321591   40.78517   -105.96806     0.60      0.20     0.63     2 
0360321597   40.78693   -105.72915     0.52     -0.53     0.74     2 
0360321601   40.78782   -105.56986     0.48     -0.29     0.56     2 
0360321602   40.78801   -105.53004     0.75     -0.15     0.76     2 
0360321603   40.78819   -105.49022     0.72     -0.07     0.73     2 
0360321604   40.78835   -105.45040     0.64     -0.25     0.68     2 
0360321605   40.78850   -105.41057     0.70     -0.23     0.73     2 
0360321606   40.78863   -105.37075     0.52     -0.14     0.54     2 
0360321611   40.78910   -105.17163     0.20     -0.35     0.40     1 
0360321628   40.78812   -104.49461     0.23     -0.79     0.83     2 
0360321661   40.75739   -106.16669     0.31     -0.36     0.48     1 
0360321665   40.75889   -106.00749     0.41      0.17     0.44     1 
0360321666   40.75923   -105.96769     0.59      0.26     0.64     2 
0360321668   40.75987   -105.88808     0.67     -0.41     0.79     2 
0360321670   40.76045   -105.80848     0.69     -0.21     0.72     2 
0360321671   40.76073   -105.76867     0.50     -0.36     0.61     2 
0360321672   40.76098   -105.72887     0.60     -0.37     0.71     2 
0360321673   40.76123   -105.68906     0.14      0.05     0.15     1 
0360321677   40.76207   -105.52984     0.66     -0.12     0.67     2 
0360321678   40.76225   -105.49003     0.64     -0.06     0.65     2 
0360321679   40.76241   -105.45022     0.57     -0.20     0.60     2 
0360321680   40.76255   -105.41041     0.62     -0.04     0.62     2 
0360321681   40.76269   -105.37060     0.54     -0.23     0.59     2 
0360321683   40.76292   -105.29099     0.47     -0.15     0.49     1 
0360321684   40.76301   -105.25118     0.45     -0.19     0.49     1 
0360321685   40.76309   -105.21137     0.68     -0.33     0.76     2 
0360321740   40.73295   -106.00710    -0.22      0.55     0.59     2 
0360321741   40.73329   -105.96731     0.46      0.13     0.48     1 
0360321742   40.73361   -105.92753     0.64     -0.09     0.65     2 
0360321744   40.73423   -105.84795     0.69     -0.24     0.73     2 
0360321747   40.73504   -105.72858     0.66     -0.21     0.69     2 
0360321748   40.73528   -105.68879     0.19      0.07     0.21     1 
0360321754   40.73646   -105.45005     0.64     -0.24     0.68     2 
0360321755   40.73661   -105.41025     0.64     -0.12     0.65     2 
0360321756   40.73675   -105.37046     0.55     -0.33     0.64     2 
0360321757   40.73687   -105.33067     0.56     -0.20     0.60     2 
0360321758   40.73697   -105.29087     0.39     -0.25     0.46     1 
0360321759   40.73707   -105.25108     0.27     -0.13     0.30     1 
0360321760   40.73715   -105.21129     0.38     -0.26     0.47     1 
0360321764   40.73733   -105.05211     0.52      0.20     0.56     2 
0360321817   40.70767   -105.92717     0.46     -0.38     0.59     2 
0360321818   40.70798   -105.88739     0.71     -0.31     0.77     2 
0360321819   40.70828   -105.84762     0.52     -0.25     0.58     2 
0360321820   40.70857   -105.80785     0.41     -0.25     0.48     1 
0360321823   40.70934   -105.68853     0.33     -0.14     0.36     1 
0360321824   40.70957   -105.64875     0.60     -0.07     0.61     2 
0360321826   40.70999   -105.56920     0.63     -0.23     0.67     2 
0360321827   40.71018   -105.52943     0.56     -0.16     0.59     2 
0360321828   40.71036   -105.48965     0.52     -0.11     0.53     2 
0360321829   40.71052   -105.44987     0.48     -0.12     0.49     1 
0360321830   40.71067   -105.41009     0.36     -0.30     0.47     1 
0360321831   40.71080   -105.37032     0.39     -0.38     0.54     2 
0360321832   40.71092   -105.33054     0.21     -0.02     0.21     1 
0360321833   40.71103   -105.29076     0.26     -0.05     0.27     1 
0360321834   40.71112   -105.25098     0.16     -0.18     0.24     1 
0360321835   40.71120   -105.21121     0.33     -0.18     0.38     1 
0360321836   40.71127   -105.17143     0.42     -0.40     0.58     2 
0360321839   40.71138   -105.05209     0.17     -0.22     0.28     1 
0360321890   40.68106   -106.00632     0.50      0.14     0.52     2 
0360321892   40.68173   -105.92681     0.27     -0.12     0.29     1 
0360321893   40.68204   -105.88705     0.56     -0.02     0.56     2 
0360321894   40.68234   -105.84729     0.64     -0.01     0.64     2 
0360321896   40.68290   -105.76778     0.63      0.07     0.64     2 
0360321897   40.68315   -105.72802     0.38     -0.06     0.38     1 
0360321898   40.68340   -105.68826     0.45     -0.32     0.56     2 
0360321899   40.68363   -105.64850     0.55      0.03     0.55     2 
0360321900   40.68384   -105.60874     0.55     -0.06     0.55     2 
0360321901   40.68405   -105.56898     0.54     -0.15     0.56     2 
0360321902   40.68424   -105.52922     0.40      0.03     0.40     1 
0360321903   40.68441   -105.48946     0.33     -0.13     0.35     1 
0360321904   40.68457   -105.44970     0.29     -0.11     0.31     1 
0360321905   40.68472   -105.40994     0.18     -0.12     0.22     1 
0360321906   40.68486   -105.37017     0.23     -0.15     0.27     1 
0360321907   40.68498   -105.33041     0.28      0.09     0.29     1 
0360321908   40.68508   -105.29065     0.26     -0.04     0.26     1 
0360321909   40.68518   -105.25089     0.27     -0.16     0.31     1 
0360321913   40.68541   -105.09183     0.50      0.01     0.50     1 
0360321914   40.68544   -105.05207     0.26     -0.18     0.32     1 
0360321915   40.68545   -105.01231     0.10      0.05     0.11     1 
0360321965   40.65512   -106.00593     0.55      0.08     0.56     2 
0360321967   40.65579   -105.92645     0.76      0.02     0.76     2 
0360321968   40.65610   -105.88671     0.41     -0.00     0.41     1 
0360321969   40.65640   -105.84696     0.51     -0.03     0.51     2 
0360321971   40.65695   -105.76748     0.69     -0.14     0.71     2 
0360321972   40.65721   -105.72774     0.60     -0.54     0.80     2 
0360321973   40.65745   -105.68799     0.34     -0.31     0.46     1 
0360321978   40.65847   -105.48927     0.48     -0.18     0.51     2 
0360321979   40.65863   -105.44952     0.48     -0.06     0.49     1 
0360321980   40.65878   -105.40978     0.24     -0.11     0.26     1 
0360321981   40.65891   -105.37003     0.38     -0.16     0.41     1 
0360321982   40.65903   -105.33028     0.53     -0.09     0.54     2 
0360321983   40.65914   -105.29054     0.60     -0.22     0.64     2 
0360321984   40.65923   -105.25079     0.38     -0.26     0.46     1 
0360321985   40.65931   -105.21104     0.33     -0.24     0.41     1 
0360321987   40.65943   -105.13155     0.18      0.06     0.19     1 
0360321988   40.65947   -105.09180     0.27     -0.08     0.28     1 
0360321989   40.65949   -105.05205     0.18     -0.20     0.27     1 
0360321990   40.65950   -105.01230     0.53      0.13     0.55     2 
0360322001   40.65872   -104.57508     0.19     -0.67     0.69     2 
0360322034   40.62686   -106.24387     0.27     -0.46     0.54     2 
0360322040   40.62918   -106.00554     0.37     -0.15     0.40     1 
0360322043   40.63016   -105.88636     0.06      0.03     0.07     1 
0360322044   40.63046   -105.84664     0.23     -0.13     0.27     1 
0360322045   40.63074   -105.80691     0.42     -0.07     0.43     1 
0360322046   40.63101   -105.76718     0.31     -0.10     0.32     1 
0360322048   40.63151   -105.68773     0.00     -0.39     0.39     1 
0360322049   40.63174   -105.64800     0.06      0.21     0.21     1 
0360322050   40.63196   -105.60827     0.42     -0.23     0.48     1 
0360322053   40.63252   -105.48908     0.29     -0.20     0.35     1 
0360322054   40.63269   -105.44935     0.58     -0.15     0.60     2 
0360322055   40.63283   -105.40962     0.61     -0.35     0.70     2 
0360322056   40.63297   -105.36989     0.59     -0.15     0.61     2 
0360322059   40.63329   -105.25069     0.44     -0.25     0.50     2 
0360322060   40.63337   -105.21096     0.34     -0.17     0.37     1 
0360322110   40.60134   -106.20368     0.13     -0.62     0.64     2 
0360322114   40.60289   -106.04486     0.71     -0.35     0.79     2 
0360322116   40.60358   -105.96544     0.43      0.09     0.44     1 
0360322118   40.60422   -105.88602     0.04     -0.03     0.05     1 
0360322121   40.60507   -105.76689     0.40     -0.31     0.50     2 
0360322122   40.60533   -105.72717     0.02     -0.09     0.09     1 
0360322123   40.60557   -105.68746     0.01     -0.27     0.27     1 
0360322124   40.60580   -105.64775     0.26     -0.19     0.32     1 
0360322125   40.60601   -105.60803     0.42     -0.16     0.45     1 
0360322126   40.60622   -105.56832     0.56     -0.32     0.65     2 
0360322127   40.60641   -105.52860     0.60     -0.12     0.61     2 
0360322128   40.60658   -105.48889     0.39     -0.20     0.44     1 
0360322129   40.60674   -105.44917     0.45     -0.26     0.52     2 
0360322131   40.60702   -105.36974     0.73     -0.12     0.74     2 
0360322132   40.60714   -105.33003     0.61     -0.21     0.65     2 
0360322133   40.60725   -105.29031     0.56     -0.35     0.67     2 
0360322134   40.60734   -105.25060     0.43     -0.21     0.48     1 
0360322135   40.60742   -105.21088     0.25     -0.18     0.31     1 
0360322143   40.60757   -104.89314     0.13     -0.08     0.15     1 
0360322144   40.60752   -104.85343     0.03     -0.33     0.34     1 
0360322188   40.57658   -106.08414     0.55     -0.20     0.59     2 
0360322189   40.57695   -106.04445     0.67     -0.44     0.80     2 
0360322191   40.57764   -105.96507     0.26     -0.26     0.36     1 
0360322193   40.57827   -105.88568     0.07     -0.19     0.20     1 
0360322195   40.57885   -105.80629     0.46     -0.18     0.49     1 
0360322196   40.57912   -105.76659     0.18     -0.57     0.60     2 
0360322197   40.57938   -105.72689     0.08     -0.38     0.39     1 
0360322198   40.57963   -105.68720    -0.17     -0.10     0.20     1 
0360322201   40.58027   -105.56810     0.45     -0.11     0.46     1 
0360322202   40.58046   -105.52840     0.71     -0.21     0.74     2 
0360322203   40.58064   -105.48870     0.56     -0.29     0.63     2 
0360322204   40.58080   -105.44900     0.53     -0.28     0.60     2 
0360322205   40.58094   -105.40930     0.69     -0.19     0.71     2 
0360322206   40.58108   -105.36960     0.64     -0.18     0.67     2 
0360322207   40.58120   -105.32990     0.42     -0.08     0.43     1 
0360322208   40.58130   -105.29020     0.41     -0.17     0.44     1 
0360322209   40.58140   -105.25050     0.35     -0.22     0.41     1 
0360322210   40.58148   -105.21080     0.37     -0.22     0.43     1 
0360322258   40.54861   -106.28210     0.48      0.06     0.49     1 
0360322262   40.55026   -106.12340     0.19     -0.41     0.45     1 
0360322264   40.55101   -106.04405     0.54     -0.44     0.70     2 
0360322265   40.55136   -106.00437     0.57     -0.48     0.75     2 
0360322266   40.55170   -105.96469     0.57     -0.43     0.72     2 
0360322267   40.55202   -105.92501    -0.05     -0.02     0.05     1 
0360322268   40.55233   -105.88533    -0.07     -0.14     0.16     1 
0360322269   40.55263   -105.84565    -0.08     -0.29     0.30     1 
0360322270   40.55291   -105.80598     0.01     -0.36     0.36     1 
0360322272   40.55344   -105.72661     0.01     -0.65     0.65     2 
0360322274   40.55391   -105.64725    -0.51     -0.06     0.51     2 
0360322275   40.55412   -105.60756     0.20     -0.15     0.25     1 
0360322277   40.55452   -105.52820     0.19     -0.09     0.21     1 
0360322278   40.55469   -105.48851     0.70     -0.28     0.76     2 
0360322279   40.55485   -105.44883     0.42     -0.28     0.51     2 
0360322280   40.55500   -105.40914     0.39     -0.17     0.42     1 
0360322281   40.55513   -105.36946     0.58     -0.23     0.62     2 
0360322282   40.55525   -105.32977     0.61     -0.24     0.65     2 
0360322283   40.55536   -105.29009     0.46     -0.15     0.49     1 
0360322284   40.55545   -105.25040     0.60     -0.49     0.77     2 
0360322285   40.55553   -105.21071     0.31     -0.04     0.31     1 
0360322333   40.52267   -106.28160     0.19     -0.32     0.37     1 
0360322339   40.52506   -106.04365     0.39     -0.42     0.57     2 
0360322340   40.52542   -106.00398     0.63     -0.40     0.75     2 
0360322342   40.52608   -105.92466     0.03     -0.08     0.09     1 
0360322343   40.52639   -105.88499    -0.25     -0.22     0.33     1 
0360322344   40.52669   -105.84533     0.15     -0.50     0.52     2 
0360322345   40.52697   -105.80566     0.07     -0.49     0.49     1 
0360322346   40.52724   -105.76600     0.10     -0.62     0.63     2 
0360322347   40.52749   -105.72633     0.15     -0.61     0.63     2 
0360322348   40.52774   -105.68667     0.59     -0.36     0.69     2 
0360322349   40.52797   -105.64700    -0.05     -0.09     0.10     1 
0360322350   40.52818   -105.60733    -0.31     -0.33     0.45     1 
0360322351   40.52838   -105.56766     0.09      0.15     0.18     1 
0360322352   40.52857   -105.52799    -0.13      0.06     0.15     1 
0360322355   40.52905   -105.40899     0.38     -0.44     0.59     2 
0360322356   40.52919   -105.36932     0.39     -0.23     0.45     1 
0360322357   40.52931   -105.32965     0.37     -0.05     0.38     1 
0360322358   40.52941   -105.28997     0.19     -0.11     0.22     1 
0360322359   40.52951   -105.25030     0.26     -0.09     0.27     1 
0360322360   40.52958   -105.21063     0.24      0.00     0.24     1 
0360322370   40.52963   -104.81392     0.03     -0.36     0.36     1 
0360322416   40.49981   -105.96395     0.19     -0.42     0.46     1 
0360322417   40.50014   -105.92430     0.02     -0.33     0.33     1 
0360322418   40.50044   -105.88465     0.26     -0.32     0.41     1 
0360322419   40.50074   -105.84500     0.09     -0.41     0.42     1 
0360322420   40.50102   -105.80535    -0.11     -0.50     0.52     2 
0360322421   40.50129   -105.76570     0.08     -0.60     0.61     2 
0360322422   40.50155   -105.72605     0.14     -0.41     0.44     1 
0360322423   40.50179   -105.68640    -0.06     -0.52     0.52     2 
0360322425   40.50224   -105.60710    -0.02     -0.23     0.23     1 
0360322427   40.50263   -105.52779     0.04      0.05     0.07     1 
0360322430   40.50311   -105.40883     0.40     -0.60     0.72     2 
0360322431   40.50324   -105.36917     0.34     -0.41     0.54     2 
0360322432   40.50336   -105.32952     0.32     -0.12     0.34     1 
0360322433   40.50347   -105.28986     0.12     -0.02     0.12     1 
0360322487   40.47244   -106.12210     0.63     -0.30     0.70     2 
0360322488   40.47282   -106.08247     0.35     -0.37     0.51     2 
0360322489   40.47318   -106.04284     0.30     -0.48     0.57     2 
0360322492   40.47419   -105.92395     0.29     -0.22     0.37     1 
0360322494   40.47480   -105.84468    -0.09     -0.49     0.50     2 
0360322495   40.47508   -105.80504    -0.20     -0.63     0.66     2 
0360322496   40.47535   -105.76541    -0.15     -0.68     0.70     2 
0360322497   40.47561   -105.72577     0.25     -0.47     0.53     2 
0360322501   40.47649   -105.56722    -0.30      0.59     0.66     2 
0360322504   40.47702   -105.44831     0.20     -0.60     0.63     2 
0360322505   40.47716   -105.40867     0.21     -0.44     0.49     1 
0360322509   40.47762   -105.25011     0.09     -0.05     0.11     1 
0360322511   40.47776   -105.17083     0.35      0.05     0.35     1 
0360322522   40.47758   -104.73479     0.01     -0.41     0.41     1 
0360322563   40.44687   -106.08206     0.55     -0.39     0.67     2 
0360322564   40.44724   -106.04244     0.23     -0.34     0.41     1 
0360322565   40.44759   -106.00283     0.39     -0.70     0.80     2 
0360322566   40.44793   -105.96321     0.19     -0.28     0.34     1 
0360322567   40.44825   -105.92359     0.36     -0.25     0.44     1 
0360322568   40.44856   -105.88397     0.63      0.01     0.63     2 
0360322569   40.44886   -105.84435    -0.06     -0.41     0.42     1 
0360322570   40.44914   -105.80473    -0.12     -0.57     0.59     2 
0360322571   40.44941   -105.76511    -0.09     -0.68     0.69     2 
0360322572   40.44966   -105.72549    -0.19     -0.50     0.54     2 
0360322574   40.45013   -105.64625     0.40     -0.28     0.49     1 
0360322576   40.45055   -105.56701     0.08     -0.20     0.22     1 
0360322577   40.45074   -105.52738     0.20     -0.49     0.53     2 
0360322578   40.45091   -105.48776     0.29     -0.38     0.48     1 
0360322579   40.45107   -105.44814     0.19     -0.50     0.54     2 
0360322580   40.45122   -105.40851     0.26     -0.48     0.54     2 
0360322581   40.45135   -105.36889     0.35     -0.47     0.59     2 
0360322582   40.45147   -105.32927     0.20     -0.34     0.40     1 
0360322583   40.45158   -105.28964     0.05     -0.25     0.26     1 
0360322586   40.45181   -105.17077     0.52     -0.02     0.52     2 
0360322589   40.45193   -105.05189    -0.25     -0.41     0.48     1 
0360322633   40.41891   -106.27963     0.60     -0.32     0.68     2 
0360322636   40.42016   -106.16084     0.52     -0.52     0.74     2 
0360322638   40.42093   -106.08164     0.52     -0.48     0.71     2 
0360322639   40.42130   -106.04204     0.40     -0.20     0.45     1 
0360322640   40.42165   -106.00244     0.26     -0.34     0.43     1 
0360322641   40.42198   -105.96284    -0.07     -0.31     0.32     1 
0360322642   40.42231   -105.92324     0.15     -0.08     0.17     1 
0360322644   40.42291   -105.84403    -0.15     -0.29     0.33     1 
0360322645   40.42319   -105.80442    -0.37     -0.24     0.44     1 
0360322646   40.42346   -105.76482    -0.20     -0.15     0.25     1 
0360322648   40.42396   -105.68561     0.41     -0.08     0.42     1 
0360322649   40.42419   -105.64600     0.06     -0.45     0.46     1 
0360322650   40.42440   -105.60640     0.10     -0.43     0.44     1 
0360322652   40.42479   -105.52718     0.37     -0.30     0.47     1 
0360322653   40.42497   -105.48757     0.25     -0.51     0.57     2 
0360322654   40.42513   -105.44796     0.16     -0.63     0.65     2 
0360322655   40.42527   -105.40836     0.13     -0.66     0.67     2 
0360322656   40.42540   -105.36875     0.17     -0.66     0.68     2 
0360322657   40.42552   -105.32914     0.18     -0.48     0.52     2 
0360322658   40.42563   -105.28953    -0.02     -0.27     0.27     1 
0360322659   40.42572   -105.24992    -0.04     -0.26     0.27     1 
0360322663   40.42596   -105.09148    -0.21     -0.07     0.22     1 
0360322665   40.42599   -105.01226     0.24      0.65     0.70     2 
0360322682   40.42410   -104.33891     0.38     -0.39     0.55     2 
0360322707   40.39253   -106.31872     0.24     -0.16     0.29     1 
0360322708   40.39297   -106.27914     0.35     -0.08     0.36     1 
0360322709   40.39340   -106.23956     0.64     -0.31     0.71     2 
0360322711   40.39422   -106.16039     0.71     -0.34     0.78     2 
0360322712   40.39461   -106.12081     0.51     -0.16     0.53     2 
0360322713   40.39499   -106.08123     0.42     -0.27     0.50     1 
0360322715   40.39570   -106.00205     0.34     -0.25     0.43     1 
0360322716   40.39604   -105.96247     0.16     -0.24     0.29     1 
0360322717   40.39636   -105.92288     0.33     -0.26     0.42     1 
0360322719   40.39697   -105.84370     0.22     -0.30     0.37     1 
0360322720   40.39725   -105.80411    -0.27     -0.08     0.28     1 
0360322721   40.39752   -105.76453    -0.48     -0.08     0.48     1 
0360322723   40.39802   -105.68534    -0.07      0.38     0.38     1 
0360322724   40.39824   -105.64575     0.22     -0.43     0.48     1 
0360322725   40.39846   -105.60616     0.43     -0.65     0.77     2 
0360322726   40.39866   -105.56657     0.33     -0.47     0.58     2 
0360322727   40.39885   -105.52698     0.26     -0.41     0.48     1 
0360322728   40.39902   -105.48739    -0.04     -0.39     0.39     1 
0360322729   40.39918   -105.44779    -0.04     -0.28     0.29     1 
0360322730   40.39933   -105.40820    -0.00     -0.42     0.42     1 
0360322731   40.39946   -105.36861     0.04     -0.55     0.56     2 
0360322732   40.39958   -105.32901     0.26     -0.66     0.71     2 
0360322733   40.39968   -105.28942     0.21     -0.52     0.56     2 
0360322734   40.39978   -105.24982     0.11     -0.34     0.36     1 
0360322738   40.40001   -105.09144    -0.44     -0.16     0.47     1 
0360322782   40.36659   -106.31821     0.31     -0.12     0.33     1 
0360322783   40.36703   -106.27865     0.09      0.21     0.22     1 
0360322784   40.36746   -106.23908     0.46     -0.06     0.46     1 
0360322785   40.36788   -106.19952     0.32     -0.06     0.33     1 
0360322788   40.36905   -106.08081     0.37     -0.22     0.43     1 
0360322790   40.36976   -106.00167     0.46     -0.32     0.56     2 
0360322791   40.37010   -105.96210     0.36     -0.26     0.45     1 
0360322792   40.37042   -105.92253     0.49     -0.22     0.54     2 
0360322793   40.37073   -105.88295     0.21     -0.10     0.23     1 
0360322794   40.37103   -105.84338     0.08     -0.18     0.20     1 
0360322795   40.37131   -105.80381     0.14     -0.23     0.27     1 
0360322797   40.37183   -105.72466     0.26      0.16     0.30     1 
0360322799   40.37230   -105.64551     0.11     -0.12     0.16     1 
0360322800   40.37251   -105.60593     0.26     -0.61     0.67     2 
0360322801   40.37271   -105.56635     0.40     -0.40     0.56     2 
0360322802   40.37290   -105.52678     0.20     -0.37     0.42     1 
0360322803   40.37307   -105.48720    -0.10     -0.51     0.52     2 
0360322804   40.37323   -105.44762     0.27     -0.41     0.49     1 
0360322805   40.37338   -105.40804     0.27     -0.56     0.62     2 
0360322806   40.37351   -105.36846     0.22     -0.50     0.55     2 
0360322807   40.37363   -105.32889    -0.00     -0.39     0.39     1 
0360322808   40.37374   -105.28931    -0.02     -0.37     0.37     1 
0360322809   40.37383   -105.24973     0.05     -0.24     0.25     1 
0360322810   40.37391   -105.21015     0.21     -0.25     0.32     1 
0360322857   40.34065   -106.31771     0.20      0.08     0.22     1 
0360322858   40.34109   -106.27816     0.10      0.13     0.16     1 
0360322860   40.34194   -106.19906     0.34      0.07     0.35     1 
0360322861   40.34234   -106.15950     0.01      0.26     0.26     1 
0360322862   40.34273   -106.11995     0.34      0.26     0.43     1 
0360322863   40.34311   -106.08040     0.68      0.06     0.69     2 
0360322864   40.34347   -106.04084     0.58     -0.07     0.58     2 
0360322865   40.34382   -106.00129     0.31     -0.01     0.31     1 
0360322866   40.34416   -105.96173     0.34     -0.18     0.38     1 
0360322867   40.34448   -105.92217     0.41      0.04     0.41     1 
0360322868   40.34479   -105.88262     0.19      0.03     0.19     1 
0360322869   40.34508   -105.84306     0.10     -0.10     0.14     1 
0360322870   40.34536   -105.80350    -0.10     -0.28     0.29     1 
0360322875   40.34657   -105.60570     0.39     -0.38     0.55     2 
0360322876   40.34677   -105.56614     0.24     -0.34     0.42     1 
0360322877   40.34696   -105.52657     0.04     -0.20     0.21     1 
0360322878   40.34713   -105.48701     0.11     -0.60     0.61     2 
0360322879   40.34729   -105.44745     0.43     -0.49     0.65     2 
0360322880   40.34743   -105.40789     0.25     -0.61     0.66     2 
0360322881   40.34757   -105.36832     0.29     -0.48     0.56     2 
0360322882   40.34769   -105.32876     0.05     -0.34     0.35     1 
0360322883   40.34779   -105.28920     0.08     -0.25     0.26     1 
0360322884   40.34788   -105.24963     0.24     -0.15     0.28     1 
0360322887   40.34808   -105.13094    -0.11     -0.24     0.26     1 
0360322932   40.31471   -106.31721     0.25      0.11     0.28     1 
0360322933   40.31515   -106.27767     0.20      0.09     0.22     1 
0360322934   40.31558   -106.23813     0.30      0.13     0.32     1 
0360322935   40.31600   -106.19860     0.36      0.05     0.36     1 
0360322936   40.31640   -106.15906     0.29      0.05     0.29     1 
0360322937   40.31679   -106.11952     0.04      0.21     0.22     1 
0360322938   40.31717   -106.07998     0.79      0.14     0.80     2 
0360322939   40.31753   -106.04044     0.73      0.08     0.73     2 
0360322940   40.31788   -106.00090     0.35      0.10     0.36     1 
0360322941   40.31821   -105.96136    -0.18      0.14     0.23     1 
0360322942   40.31853   -105.92182    -0.26      0.10     0.28     1 
0360322943   40.31884   -105.88228     0.20     -0.03     0.20     1 
0360322944   40.31914   -105.84274    -0.04     -0.10     0.11     1 
0360322945   40.31942   -105.80319    -0.06     -0.14     0.16     1 
0360322946   40.31969   -105.76365     0.26     -0.18     0.31     1 
0360322949   40.32041   -105.64501    -0.06     -0.07     0.09     1 
0360322950   40.32062   -105.60547     0.09     -0.12     0.15     1 
0360322951   40.32082   -105.56592     0.11     -0.23     0.26     1 
0360322952   40.32101   -105.52637     0.09     -0.03     0.10     1 
0360322953   40.32118   -105.48682     0.17     -0.55     0.58     2 
0360322954   40.32134   -105.44728     0.46     -0.50     0.68     2 
0360322955   40.32149   -105.40773     0.51     -0.59     0.77     2 
0360322956   40.32162   -105.36818     0.48     -0.49     0.69     2 
0360322957   40.32174   -105.32863     0.03     -0.30     0.30     1 
0360322958   40.32185   -105.28909     0.14     -0.08     0.16     1 
0360322959   40.32194   -105.24954     0.13     -0.29     0.32     1 
0360322961   40.32208   -105.17044    -0.10     -0.10     0.14     1 
0360322962   40.32213   -105.13089    -0.05     -0.35     0.35     1 
0360322963   40.32217   -105.09134     0.05     -0.05     0.07     1 
0360322964   40.32220   -105.05179    -0.40     -0.23     0.46     1 
0360323007   40.28877   -106.31670     0.54      0.14     0.56     2 
0360323008   40.28921   -106.27718     0.17      0.19     0.26     1 
0360323009   40.28964   -106.23766     0.28      0.16     0.33     1 
0360323010   40.29006   -106.19814     0.37      0.11     0.39     1 
0360323011   40.29046   -106.15862     0.36      0.25     0.44     1 
0360323012   40.29085   -106.11909     0.14      0.12     0.18     1 
0360323013   40.29122   -106.07957     0.45      0.15     0.47     1 
0360323015   40.29193   -106.00052     0.17      0.12     0.21     1 
0360323016   40.29227   -105.96099     0.05      0.17     0.18     1 
0360323017   40.29259   -105.92147    -0.13      0.09     0.15     1 
0360323019   40.29319   -105.84241    -0.01     -0.01     0.02     1 
0360323020   40.29347   -105.80288    -0.12     -0.00     0.12     1 
0360323021   40.29374   -105.76336     0.05     -0.12     0.13     1 
0360323022   40.29400   -105.72383    -0.05     -0.04     0.06     1 
0360323024   40.29446   -105.64477    -0.01      0.06     0.06     1 
0360323025   40.29468   -105.60523    -0.30      0.36     0.47     1 
0360323026   40.29488   -105.56570     0.08      0.04     0.09     1 
0360323027   40.29506   -105.52617    -0.02     -0.01     0.02     1 
0360323028   40.29524   -105.48664     0.42     -0.38     0.57     2 
0360323029   40.29540   -105.44711     0.34     -0.40     0.52     2 
0360323030   40.29554   -105.40757     0.24     -0.32     0.40     1 
0360323031   40.29567   -105.36804     0.16     -0.09     0.18     1 
0360323032   40.29579   -105.32851     0.06     -0.06     0.08     1 
0360323033   40.29590   -105.28897     0.17     -0.09     0.19     1 
0360323034   40.29599   -105.24944     0.24     -0.05     0.25     1 
0360323035   40.29607   -105.20991     0.17     -0.18     0.24     1 
0360323039   40.29625   -105.05177    -0.45     -0.02     0.45     1 
0360323082   40.26283   -106.31620     0.35      0.37     0.51     2 
0360323083   40.26327   -106.27669     0.26      0.31     0.41     1 
0360323084   40.26370   -106.23719     0.30      0.19     0.35     1 
0360323085   40.26411   -106.19768     0.42      0.12     0.44     1 
0360323086   40.26452   -106.15817     0.37      0.26     0.45     1 
0360323087   40.26490   -106.11867     0.13      0.10     0.17     1 
0360323088   40.26528   -106.07916     0.45     -0.02     0.45     1 
0360323090   40.26599   -106.00014    -0.09     -0.08     0.12     1 
0360323091   40.26633   -105.96063     0.10      0.14     0.17     1 
0360323092   40.26665   -105.92112     0.16      0.13     0.20     1 
0360323093   40.26695   -105.88160    -0.08     -0.25     0.26     1 
0360323094   40.26725   -105.84209    -0.05      0.07     0.09     1 
0360323095   40.26753   -105.80258    -0.02      0.39     0.39     1 
0360323096   40.26780   -105.76306     0.11      0.09     0.14     1 
0360323097   40.26805   -105.72355     0.01      0.16     0.16     1 
0360323100   40.26873   -105.60500     0.62     -0.24     0.67     2 
0360323101   40.26893   -105.56549    -0.11      0.16     0.19     1 
0360323102   40.26912   -105.52597     0.19     -0.17     0.25     1 
0360323103   40.26929   -105.48645     0.47     -0.19     0.51     2 
0360323104   40.26945   -105.44694     0.26     -0.27     0.37     1 
0360323105   40.26960   -105.40742     0.04      0.07     0.08     1 
0360323106   40.26973   -105.36790     0.21     -0.08     0.22     1 
0360323107   40.26985   -105.32838     0.16     -0.04     0.16     1 
0360323108   40.26995   -105.28886     0.07     -0.08     0.10     1 
0360323109   40.27004   -105.24935     0.15     -0.18     0.23     1 
0360323110   40.27012   -105.20983     0.09      0.25     0.27     1 
0360323157   40.23689   -106.31570     0.27      0.36     0.45     1 
0360323158   40.23733   -106.27621     0.41      0.35     0.54     2 
0360323159   40.23776   -106.23672     0.32      0.06     0.33     1 
0360323160   40.23817   -106.19722     0.39      0.35     0.53     2 
0360323161   40.23857   -106.15773     0.25      0.35     0.43     1 
0360323162   40.23896   -106.11824     0.26      0.26     0.36     1 
0360323163   40.23934   -106.07874     0.48      0.02     0.48     1 
0360323164   40.23970   -106.03925     0.19      0.38     0.42     1 
0360323165   40.24005   -105.99976     0.19      0.34     0.39     1 
0360323166   40.24038   -105.96026     0.13      0.29     0.31     1 
0360323167   40.24070   -105.92076     0.22      0.29     0.36     1 
0360323168   40.24101   -105.88127    -0.04     -0.02     0.04     1 
0360323169   40.24130   -105.84177    -0.15      0.12     0.19     1 
0360323170   40.24159   -105.80227    -0.11      0.45     0.46     1 
0360323171   40.24185   -105.76277     0.03      0.14     0.14     1 
0360323172   40.24211   -105.72327     0.49      0.16     0.52     2 
0360323173   40.24235   -105.68377     0.35      0.17     0.39     1 
0360323175   40.24279   -105.60477     0.76     -0.18     0.78     2 
0360323176   40.24298   -105.56527    -0.24      0.48     0.53     2 
0360323177   40.24317   -105.52577     0.37     -0.18     0.41     1 
0360323178   40.24334   -105.48627     0.43      0.03     0.43     1 
0360323179   40.24350   -105.44676     0.21     -0.04     0.21     1 
0360323180   40.24365   -105.40726     0.06      0.05     0.08     1 
0360323181   40.24378   -105.36776    -0.15      0.20     0.25     1 
0360323182   40.24390   -105.32826     0.15     -0.04     0.16     1 
0360323183   40.24401   -105.28875     0.07      0.08     0.11     1 
0360323184   40.24410   -105.24925    -0.04      0.09     0.10     1 
0360323187   40.24429   -105.13074    -0.25      0.17     0.30     1 
0360323200   40.24373   -104.61719    -0.36     -0.27     0.45     1 
0360323233   40.21139   -106.27572     0.52      0.56     0.77     2 
0360323234   40.21182   -106.23624     0.57      0.20     0.60     2 
0360323235   40.21223   -106.19677     0.38      0.42     0.56     2 
0360323236   40.21263   -106.15729     0.25      0.41     0.48     1 
0360323237   40.21302   -106.11781     0.34      0.29     0.45     1 
0360323238   40.21339   -106.07833     0.25      0.39     0.47     1 
0360323239   40.21376   -106.03885     0.20      0.21     0.29     1 
0360323240   40.21410   -105.99937     0.16      0.37     0.40     1 
0360323241   40.21444   -105.95989     0.34      0.44     0.56     2 
0360323242   40.21476   -105.92041     0.32      0.43     0.53     2 
0360323243   40.21507   -105.88093     0.14      0.21     0.25     1 
0360323244   40.21536   -105.84145    -0.11      0.13     0.17     1 
0360323247   40.21616   -105.72300     0.08      0.47     0.48     1 
0360323249   40.21663   -105.64403     0.51      0.13     0.53     2 
0360323250   40.21684   -105.60454     0.03      0.17     0.18     1 
0360323251   40.21704   -105.56506    -0.01      0.07     0.07     1 
0360323252   40.21722   -105.52557     0.10     -0.01     0.10     1 
0360323253   40.21740   -105.48608     0.22     -0.15     0.27     1 
0360323254   40.21756   -105.44660     0.17     -0.06     0.18     1 
0360323255   40.21770   -105.40711    -0.05      0.02     0.05     1 
0360323256   40.21784   -105.36762    -0.32      0.08     0.33     1 
0360323257   40.21795   -105.32813    -0.00      0.04     0.04     1 
0360323262   40.21834   -105.13069    -0.32      0.05     0.32     1 
0360323266   40.21842   -104.97273    -0.16     -0.25     0.30     1 
0360323309   40.18588   -106.23577     0.43      0.34     0.55     2 
0360323310   40.18629   -106.19631     0.42      0.28     0.51     2 
0360323311   40.18669   -106.15685     0.22      0.25     0.34     1 
0360323312   40.18708   -106.11739     0.23      0.20     0.31     1 
0360323313   40.18745   -106.07792     0.22      0.36     0.42     1 
0360323314   40.18781   -106.03846     0.30      0.13     0.33     1 
0360323315   40.18816   -105.99899     0.62      0.20     0.65     2 
0360323316   40.18850   -105.95953     0.39      0.39     0.55     2 
0360323317   40.18881   -105.92006     0.48      0.57     0.75     2 
0360323321   40.18996   -105.76219    -0.24      0.13     0.27     1 
0360323322   40.19022   -105.72272    -0.09      0.41     0.42     1 
0360323324   40.19068   -105.64378     0.01      0.24     0.24     1 
0360323325   40.19089   -105.60431    -0.38      0.35     0.52     2 
0360323327   40.19128   -105.52537     0.10      0.05     0.12     1 
0360323328   40.19145   -105.48590     0.07      0.16     0.17     1 
0360323329   40.19161   -105.44642     0.20      0.12     0.24     1 
0360323330   40.19176   -105.40695     0.02      0.25     0.25     1 
0360323331   40.19189   -105.36748    -0.09      0.18     0.21     1 
0360323332   40.19201   -105.32801     0.04      0.11     0.12     1 
0360323333   40.19211   -105.28853     0.08      0.27     0.28     1 
0360323336   40.19235   -105.17011    -0.77     -0.15     0.79     2 
0360323384   40.15993   -106.23530     0.59      0.42     0.72     2 
0360323385   40.16035   -106.19586     0.40      0.50     0.64     2 
0360323386   40.16075   -106.15641     0.22      0.24     0.33     1 
0360323387   40.16114   -106.11696     0.20      0.28     0.35     1 
0360323388   40.16151   -106.07751     0.02      0.34     0.35     1 
0360323389   40.16187   -106.03806     0.06      0.37     0.38     1 
0360323390   40.16222   -105.99861     0.50      0.47     0.69     2 
0360323391   40.16255   -105.95916    -0.20      0.33     0.39     1 
0360323392   40.16287   -105.91971     0.43      0.08     0.43     1 
0360323395   40.16375   -105.80135    -0.18      0.39     0.43     1 
0360323396   40.16402   -105.76190     0.01      0.10     0.10     1 
0360323397   40.16427   -105.72245     0.45      0.20     0.49     1 
0360323401   40.16515   -105.56462    -0.22      0.23     0.32     1 
0360323402   40.16533   -105.52517    -0.16      0.35     0.38     1 
0360323403   40.16551   -105.48571     0.06      0.18     0.19     1 
0360323404   40.16566   -105.44625     0.08      0.16     0.18     1 
0360323405   40.16581   -105.40680     0.02      0.13     0.13     1 
0360323406   40.16594   -105.36734    -0.03      0.17     0.17     1 
0360323407   40.16606   -105.32788     0.05      0.08     0.09     1 
0360323408   40.16616   -105.28842     0.09      0.09     0.13     1 
0360323414   40.16651   -105.05167     0.69     -0.29     0.75     2 
0360323456   40.13267   -106.35312     0.06      0.23     0.24     1 
0360323460   40.13441   -106.19540     0.36      0.39     0.53     2 
0360323462   40.13519   -106.11654     0.40      0.19     0.44     1 
0360323463   40.13557   -106.07710     0.31      0.38     0.49     1 
0360323464   40.13593   -106.03767     0.21      0.53     0.57     2 
0360323466   40.13661   -105.95880    -0.37      0.50     0.62     2 
0360323468   40.13723   -105.87992     0.20      0.05     0.21     1 
0360323469   40.13753   -105.84049    -0.02      0.11     0.11     1 
0360323470   40.13781   -105.80105    -0.41      0.64     0.76     2 
0360323472   40.13832   -105.72217    -0.08      0.04     0.09     1 
0360323473   40.13856   -105.68273     0.08      0.17     0.19     1 
0360323476   40.13920   -105.56441    -0.66      0.15     0.68     2 
0360323478   40.13956   -105.48553     0.10      0.16     0.19     1 
0360323479   40.13972   -105.44608     0.01      0.15     0.15     1 
0360323480   40.13986   -105.40664     0.01      0.19     0.19     1 
0360323481   40.13999   -105.36720     0.04      0.24     0.24     1 
0360323482   40.14011   -105.32776     0.09      0.31     0.32     1 
0360323483   40.14022   -105.28831     0.19      0.03     0.19     1 
0360323485   40.14039   -105.20943    -0.34      0.37     0.50     2 
0360323531   40.10673   -106.35261     0.09      0.13     0.16     1 
0360323536   40.10886   -106.15553     0.45      0.55     0.71     2 
0360323539   40.10998   -106.03727     0.56      0.59     0.82     2 
0360323543   40.11129   -105.87959     0.46      0.09     0.47     1 
0360323544   40.11158   -105.84017     0.28      0.28     0.40     1 
0360323547   40.11238   -105.72190    -0.05      0.59     0.59     2 
0360323548   40.11262   -105.68247    -0.02      0.17     0.17     1 
0360323549   40.11284   -105.64305     0.71      0.29     0.77     2 
0360323550   40.11306   -105.60362     0.35     -0.00     0.35     1 
0360323551   40.11325   -105.56419    -0.16      0.51     0.53     2 
0360323553   40.11361   -105.48534    -0.05      0.22     0.22     1 
0360323554   40.11377   -105.44591     0.08      0.24     0.26     1 
0360323555   40.11391   -105.40649     0.01      0.32     0.32     1 
0360323556   40.11405   -105.36706     0.00      0.40     0.40     1 
0360323557   40.11416   -105.32763     0.02      0.49     0.49     1 
0360323606   40.08079   -106.35209     0.34      0.29     0.45     1 
0360323613   40.08368   -106.07628     0.22      0.45     0.50     2 
0360323614   40.08404   -106.03688     0.65      0.23     0.69     2 
0360323615   40.08439   -105.99747     0.52      0.49     0.72     2 
0360323618   40.08534   -105.87926     0.23      0.47     0.53     2 
0360323619   40.08564   -105.83985     0.32      0.26     0.41     1 
0360323620   40.08591   -105.80044     0.11      0.30     0.32     1 
0360323621   40.08618   -105.76103     0.02      0.14     0.14     1 
0360323623   40.08667   -105.68221     0.26      0.51     0.57     2 
0360323624   40.08690   -105.64280     0.55      0.35     0.65     2 
0360323625   40.08711   -105.60339     0.21      0.18     0.27     1 
0360323626   40.08731   -105.56398    -0.25      0.19     0.31     1 
0360323627   40.08749   -105.52457    -0.13     -0.07     0.14     1 
0360323628   40.08767   -105.48516    -0.05      0.10     0.11     1 
0360323629   40.08782   -105.44575     0.06      0.34     0.35     1 
0360323630   40.08797   -105.40633     0.23      0.37     0.44     1 
0360323631   40.08810   -105.36692     0.01      0.48     0.48     1 
0360323632   40.08822   -105.32751     0.01      0.51     0.51     2 
0360323687   40.05736   -106.11526     0.30     -0.04     0.30     1 
0360323690   40.05844   -105.99710     0.43      0.28     0.52     2 
0360323693   40.05940   -105.87892     0.17      0.32     0.36     1 
0360323694   40.05969   -105.83953     0.27      0.25     0.36     1 
0360323695   40.05997   -105.80014     0.30      0.31     0.43     1 
0360323697   40.06049   -105.72135     0.13      0.07     0.15     1 
0360323698   40.06073   -105.68195     0.60      0.44     0.74     2 
0360323701   40.06136   -105.56377    -0.27      0.23     0.36     1 
0360323702   40.06155   -105.52437     0.16      0.03     0.16     1 
0360323703   40.06172   -105.48497     0.12      0.10     0.16     1 
0360323704   40.06188   -105.44558     0.14      0.16     0.21     1 
0360323705   40.06202   -105.40618     0.18      0.33     0.38     1 
0360323706   40.06215   -105.36678    -0.01      0.41     0.41     1 
0360323707   40.06227   -105.32738    -0.03      0.48     0.48     1 
0360323710   40.06254   -105.20919     0.20      0.01     0.20     1 
0360323759   40.03023   -106.23296    -0.01      0.25     0.25     1 
0360323760   40.03064   -106.19359    -0.43      0.70     0.82     2 
0360323763   40.03179   -106.07547     0.35      0.29     0.46     1 
0360323764   40.03215   -106.03609     0.36      0.09     0.37     1 
0360323767   40.03315   -105.91797     0.56      0.38     0.67     2 
0360323768   40.03345   -105.87859     0.13      0.34     0.36     1 
0360323769   40.03375   -105.83921     0.16      0.20     0.26     1 
0360323770   40.03402   -105.79983     0.40      0.32     0.51     2 
0360323772   40.03454   -105.72107    -0.11      0.02     0.11     1 
0360323773   40.03478   -105.68170     0.03      0.26     0.26     1 
0360323776   40.03542   -105.56355    -0.14      0.11     0.18     1 
0360323778   40.03577   -105.48479     0.14      0.23     0.27     1 
0360323779   40.03593   -105.44541     0.10      0.19     0.22     1 
0360323780   40.03607   -105.40602     0.52      0.26     0.58     2 
0360323781   40.03621   -105.36664     0.08      0.30     0.31     1 
0360323782   40.03632   -105.32726    -0.05      0.39     0.39     1 
0360323785   40.03660   -105.20911    -0.15      0.58     0.60     2 
0360323786   40.03666   -105.16973    -0.20      0.28     0.34     1 
0360323838   40.00585   -106.07506     0.36      0.30     0.47     1 
0360323840   40.00655   -105.99634     0.72      0.01     0.72     2 
0360323841   40.00689   -105.95698     0.36      0.26     0.45     1 
0360323842   40.00720   -105.91762     0.39      0.28     0.48     1 
0360323843   40.00751   -105.87826     0.31      0.37     0.48     1 
0360323844   40.00780   -105.83889     0.11      0.20     0.23     1 
0360323845   40.00808   -105.79953     0.57      0.29     0.64     2 
0360323847   40.00859   -105.72080    -0.06      0.14     0.15     1 
0360323851   40.00947   -105.56334     0.01     -0.03     0.03     1 
0360323852   40.00965   -105.52397     0.14     -0.03     0.14     1 
0360323853   40.00982   -105.48461     0.30      0.05     0.30     1 
0360323854   40.00998   -105.44524     0.20      0.17     0.26     1 
0360323855   40.01013   -105.40587     0.27      0.04     0.27     1 
0360323856   40.01026   -105.36650     0.05      0.33     0.33     1 
0360323857   40.01038   -105.32714    -0.03      0.39     0.39     1 
0360323860   40.01065   -105.20903    -0.28      0.54     0.61     2 
0360323861   40.01071   -105.16966    -0.47      0.15     0.49     1 
0360323878   40.00976   -104.50040    -0.38      0.58     0.69     2 
0360323913   39.97991   -106.07465     0.29      0.28     0.40     1 
0360323914   39.98027   -106.03531     0.27      0.10     0.29     1 
0360323916   39.98094   -105.95662     0.44      0.16     0.47     1 
0360323917   39.98126   -105.91727     0.42      0.39     0.58     2 
0360323918   39.98156   -105.87792     0.34      0.08     0.35     1 
0360323919   39.98186   -105.83858     0.12      0.21     0.24     1 
0360323920   39.98213   -105.79923     0.19      0.17     0.25     1 
0360323921   39.98240   -105.75988     0.19      0.23     0.30     1 
0360323922   39.98265   -105.72053     0.03      0.18     0.19     1 
0360323924   39.98311   -105.64183    -0.09      0.14     0.17     1 
0360323925   39.98332   -105.60248    -0.15      0.21     0.26     1 
0360323926   39.98352   -105.56313     0.23     -0.05     0.24     1 
0360323927   39.98371   -105.52378     0.20      0.01     0.20     1 
0360323928   39.98388   -105.48442     0.02      0.14     0.14     1 
0360323929   39.98403   -105.44507     0.10      0.05     0.11     1 
0360323930   39.98418   -105.40572     0.14      0.15     0.20     1 
0360323931   39.98431   -105.36637     0.20      0.24     0.31     1 
0360323932   39.98443   -105.32701     0.28      0.26     0.38     1 
0360323933   39.98453   -105.28766     0.45      0.33     0.56     2 
0360323935   39.98470   -105.20895     0.11      0.26     0.28     1 
0360323979   39.95014   -106.42818     0.47     -0.25     0.54     2 
0360323983   39.95197   -106.27089     0.73      0.06     0.73     2 
0360323987   39.95359   -106.11358     0.53      0.30     0.61     2 
0360323988   39.95396   -106.07425     0.26      0.37     0.46     1 
0360323989   39.95432   -106.03492     0.23      0.21     0.31     1 
0360323992   39.95531   -105.91693     0.26      0.16     0.31     1 
0360323993   39.95562   -105.87759     0.36      0.06     0.37     1 
0360323994   39.95591   -105.83826     0.18      0.02     0.18     1 
0360323995   39.95619   -105.79893     0.14     -0.00     0.14     1 
0360323996   39.95645   -105.75959     0.21      0.21     0.29     1 
0360323997   39.95670   -105.72026     0.05      0.25     0.25     1 
0360323998   39.95694   -105.68092     0.09      0.20     0.22     1 
0360323999   39.95717   -105.64159     0.08      0.06     0.10     1 
0360324000   39.95738   -105.60225     0.02      0.06     0.07     1 
0360324001   39.95757   -105.56291     0.16     -0.04     0.17     1 
0360324004   39.95809   -105.44490     0.16      0.04     0.17     1 
0360324005   39.95823   -105.40556     0.27      0.09     0.28     1 
0360324007   39.95848   -105.32689     0.15      0.47     0.49     1 
0360324008   39.95858   -105.28755     0.36      0.23     0.43     1 
0360324054   39.92420   -106.42764     0.31     -0.21     0.38     1 
0360324065   39.92872   -105.99521     0.40      0.01     0.41     1 
0360324066   39.92905   -105.95589     0.33      0.08     0.34     1 
0360324067   39.92937   -105.91658     0.36      0.14     0.39     1 
0360324068   39.92967   -105.87726     0.46      0.05     0.46     1 
0360324069   39.92996   -105.83794     0.16      0.01     0.16     1 
0360324070   39.93024   -105.79862     0.17     -0.02     0.17     1 
0360324072   39.93076   -105.71998     0.15      0.13     0.20     1 
0360324073   39.93099   -105.68066    -0.22      0.32     0.39     1 
0360324074   39.93122   -105.64134    -0.09      0.10     0.13     1 
0360324075   39.93143   -105.60202    -0.06      0.14     0.15     1 
0360324076   39.93163   -105.56270     0.05      0.08     0.09     1 
0360324077   39.93181   -105.52338     0.03      0.03     0.04     1 
0360324078   39.93198   -105.48406     0.16     -0.10     0.19     1 
0360324079   39.93214   -105.44473     0.14      0.01     0.14     1 
0360324082   39.93253   -105.32676     0.12      0.26     0.29     1 
0360324083   39.93263   -105.28744     0.19      0.40     0.45     1 
0360324129   39.89826   -106.42710     0.46      0.03     0.46     1 
0360324130   39.89874   -106.38781     0.62     -0.23     0.66     2 
0360324131   39.89920   -106.34852     0.49      0.02     0.49     1 
0360324134   39.90051   -106.23063     0.05      0.49     0.49     1 
0360324138   39.90207   -106.07344     0.46      0.51     0.69     2 
0360324139   39.90243   -106.03414     0.49      0.46     0.67     2 
0360324140   39.90278   -105.99484     0.26      0.25     0.36     1 
0360324141   39.90311   -105.95553     0.01      0.17     0.17     1 
0360324142   39.90342   -105.91623     0.29      0.07     0.30     1 
0360324143   39.90373   -105.87693     0.28      0.28     0.40     1 
0360324144   39.90402   -105.83763     0.21      0.07     0.22     1 
0360324145   39.90429   -105.79832     0.23      0.37     0.43     1 
0360324146   39.90456   -105.75902     0.28      0.09     0.30     1 
0360324147   39.90481   -105.71971     0.00      0.32     0.32     1 
0360324148   39.90505   -105.68041     0.03      0.25     0.25     1 
0360324149   39.90527   -105.64110     0.08      0.08     0.11     1 
0360324150   39.90548   -105.60179    -0.08      0.04     0.09     1 
0360324151   39.90568   -105.56249    -0.06      0.11     0.13     1 
0360324152   39.90586   -105.52318     0.17      0.00     0.17     1 
0360324153   39.90603   -105.48387     0.15     -0.07     0.17     1 
0360324154   39.90619   -105.44457     0.18     -0.00     0.18     1 
0360324155   39.90633   -105.40526     0.06     -0.02     0.07     1 
0360324156   39.90647   -105.36595     0.06      0.12     0.13     1 
0360324157   39.90658   -105.32664     0.26      0.13     0.29     1 
0360324158   39.90669   -105.28733     0.32      0.31     0.45     1 
0360324204   39.87232   -106.42657     0.18      0.13     0.22     1 
0360324205   39.87280   -106.38729     0.21     -0.03     0.21     1 
0360324206   39.87326   -106.34801     0.34     -0.11     0.36     1 
0360324207   39.87371   -106.30873    -0.43      0.16     0.45     1 
0360324211   39.87538   -106.15160     0.31      0.32     0.45     1 
0360324215   39.87683   -105.99446    -0.23      0.24     0.33     1 
0360324216   39.87716   -105.95517     0.08     -0.07     0.10     1 
0360324217   39.87748   -105.91589     0.30     -0.12     0.32     1 
0360324218   39.87778   -105.87660     0.01      0.30     0.30     1 
0360324219   39.87807   -105.83731     0.08      0.07     0.11     1 
0360324220   39.87835   -105.79802    -0.04      0.17     0.17     1 
0360324223   39.87910   -105.68015    -0.15      0.34     0.37     1 
0360324224   39.87932   -105.64086     0.18      0.30     0.35     1 
0360324225   39.87953   -105.60157     0.16      0.11     0.19     1 
0360324226   39.87973   -105.56228     0.01     -0.06     0.06     1 
0360324227   39.87991   -105.52298     0.05      0.00     0.06     1 
0360324228   39.88009   -105.48369     0.23     -0.09     0.25     1 
0360324229   39.88024   -105.44440     0.20     -0.16     0.26     1 
0360324231   39.88052   -105.36581     0.27      0.11     0.29     1 
0360324232   39.88063   -105.32652     0.28      0.16     0.32     1 
0360324233   39.88074   -105.28722     0.36      0.17     0.39     1 
0360324234   39.88083   -105.24793    -0.01      0.30     0.30     1 
0360324237   39.88102   -105.13005    -0.48     -0.20     0.52     2 
0360324279   39.84638   -106.42603     0.27      0.15     0.31     1 
0360324280   39.84686   -106.38676     0.22     -0.06     0.23     1 
0360324281   39.84732   -106.34750     0.34     -0.26     0.43     1 
0360324288   39.85019   -106.07263     0.06     -0.34     0.34     1 
0360324290   39.85089   -105.99409    -0.06     -0.15     0.16     1 
0360324291   39.85122   -105.95481     0.34     -0.08     0.34     1 
0360324292   39.85153   -105.91554     0.18     -0.00     0.18     1 
0360324293   39.85184   -105.87627    -0.22     -0.01     0.22     1 
0360324294   39.85213   -105.83700    -0.05     -0.11     0.12     1 
0360324295   39.85240   -105.79772    -0.16      0.27     0.31     1 
0360324296   39.85267   -105.75845    -0.18      0.04     0.19     1 
0360324297   39.85292   -105.71917    -0.08     -0.06     0.10     1 
0360324299   39.85338   -105.64062     0.05      0.35     0.36     1 
0360324300   39.85359   -105.60134     0.03      0.02     0.03     1 
0360324301   39.85378   -105.56207    -0.00     -0.05     0.05     1 
0360324302   39.85397   -105.52279     0.22      0.07     0.23     1 
0360324303   39.85414   -105.48351     0.31     -0.12     0.33     1 
0360324304   39.85430   -105.44423     0.52      0.06     0.52     2 
0360324306   39.85457   -105.36567     0.24      0.05     0.24     1 
0360324307   39.85469   -105.32640     0.08      0.16     0.18     1 
0360324308   39.85479   -105.28712     0.24      0.19     0.30     1 
0360324312   39.85507   -105.13000     0.19     -0.30     0.36     1 
0360324313   39.85511   -105.09072     0.02      0.47     0.47     1 
0360324355   39.82091   -106.38624     0.12      0.07     0.14     1 
0360324356   39.82138   -106.34699    -0.05     -0.11     0.12     1 
0360324357   39.82183   -106.30774     0.12     -0.18     0.22     1 
0360324358   39.82226   -106.26849     0.57      0.06     0.57     2 
0360324363   39.82424   -106.07223     0.26     -0.11     0.28     1 
0360324364   39.82460   -106.03297     0.17      0.21     0.27     1 
0360324365   39.82494   -105.99371     0.02      0.06     0.06     1 
0360324367   39.82559   -105.91520     0.05      0.01     0.05     1 
0360324368   39.82589   -105.87594    -0.05     -0.05     0.07     1 
0360324369   39.82618   -105.83668    -0.06      0.01     0.06     1 
0360324370   39.82646   -105.79742     0.14     -0.09     0.17     1 
0360324371   39.82672   -105.75816    -0.07      0.00     0.07     1 
0360324372   39.82697   -105.71890     0.31     -0.49     0.58     2 
0360324374   39.82743   -105.64038     0.13     -0.15     0.20     1 
0360324375   39.82764   -105.60112     0.09     -0.12     0.15     1 
0360324376   39.82784   -105.56185     0.31      0.08     0.32     1 
0360324377   39.82802   -105.52259     0.29     -0.01     0.29     1 
0360324378   39.82819   -105.48333     0.25     -0.16     0.29     1 
0360324379   39.82835   -105.44406     0.40      0.05     0.40     1 
0360324382   39.82874   -105.32627     0.34      0.05     0.35     1 
0360324383   39.82884   -105.28701     0.26      0.18     0.32     1 
0360324384   39.82893   -105.24774    -0.11      0.04     0.12     1 
0360324389   39.82919   -105.05142    -0.42     -0.22     0.47     1 
0360324428   39.79401   -106.46419     0.40      0.09     0.41     1 
0360324429   39.79450   -106.42496     0.45     -0.08     0.46     1 
0360324433   39.79632   -106.26802    -0.25      0.03     0.25     1 
0360324438   39.79830   -106.07182     0.08      0.05     0.09     1 
0360324439   39.79865   -106.03258     0.09     -0.04     0.10     1 
0360324440   39.79900   -105.99334    -0.20      0.10     0.23     1 
0360324441   39.79933   -105.95410    -0.48      0.01     0.48     1 
0360324442   39.79964   -105.91485    -0.22     -0.06     0.23     1 
0360324443   39.79994   -105.87561    -0.14     -0.10     0.17     1 
0360324444   39.80023   -105.83637    -0.11     -0.04     0.12     1 
0360324445   39.80051   -105.79712    -0.08     -0.06     0.10     1 
0360324446   39.80077   -105.75788    -0.25      0.01     0.25     1 
0360324447   39.80102   -105.71863     0.08      0.02     0.08     1 
0360324448   39.80126   -105.67938     0.05     -0.04     0.07     1 
0360324449   39.80148   -105.64014    -0.01     -0.00     0.01     1 
0360324450   39.80169   -105.60089     0.22     -0.05     0.22     1 
0360324451   39.80189   -105.56164     0.20     -0.06     0.21     1 
0360324452   39.80207   -105.52239     0.14     -0.05     0.15     1 
0360324453   39.80224   -105.48315     0.18      0.04     0.19     1 
0360324454   39.80240   -105.44390     0.30      0.08     0.31     1 
0360324457   39.80279   -105.32615     0.19      0.26     0.32     1 
0360324458   39.80289   -105.28690     0.22      0.18     0.28     1 
0360324459   39.80298   -105.24765     0.43      0.11     0.45     1 
0360324503   39.76807   -106.46364     0.18      0.35     0.40     1 
0360324504   39.76856   -106.42442     0.21     -0.05     0.21     1 
0360324510   39.77121   -106.18909     0.38      0.05     0.39     1 
0360324516   39.77338   -105.95374     0.07     -0.10     0.12     1 
0360324517   39.77370   -105.91451    -0.13     -0.00     0.13     1 
0360324518   39.77400   -105.87528     0.08     -0.06     0.10     1 
0360324519   39.77429   -105.83605    -0.08     -0.13     0.15     1 
0360324520   39.77456   -105.79682    -0.09     -0.05     0.10     1 
0360324521   39.77483   -105.75759     0.06      0.11     0.13     1 
0360324522   39.77508   -105.71836     0.22      0.21     0.31     1 
0360324523   39.77531   -105.67913     0.23     -0.11     0.26     1 
0360324524   39.77553   -105.63990     0.17     -0.09     0.20     1 
0360324525   39.77574   -105.60066     0.18     -0.22     0.29     1 
0360324528   39.77629   -105.48296     0.17     -0.07     0.19     1 
0360324529   39.77645   -105.44373     0.08      0.12     0.15     1 
0360324532   39.77684   -105.32603     0.17      0.22     0.28     1 
0360324533   39.77694   -105.28679     0.10      0.20     0.22     1 
0360324534   39.77703   -105.24756     0.34      0.22     0.41     1 
0360324577   39.74163   -106.50229     0.28      0.00     0.28     1 
0360324578   39.74213   -106.46309     0.03      0.14     0.15     1 
0360324579   39.74262   -106.42389     0.18      0.08     0.19     1 
0360324580   39.74309   -106.38468     0.35      0.05     0.35     1 
0360324589   39.74676   -106.03181    -0.12      0.20     0.23     1 
0360324590   39.74710   -105.99259    -0.29     -0.02     0.29     1 
0360324592   39.74775   -105.91417    -0.09     -0.18     0.20     1 
0360324593   39.74805   -105.87495     0.16     -0.18     0.24     1 
0360324594   39.74834   -105.83574    -0.41     -0.21     0.46     1 
0360324595   39.74862   -105.79652    -0.44     -0.02     0.44     1 
0360324596   39.74888   -105.75731     0.05     -0.02     0.05     1 
0360324597   39.74913   -105.71809     0.34     -0.68     0.76     2 
0360324600   39.74980   -105.60044    -0.06     -0.09     0.11     1 
0360324601   39.74999   -105.56122     0.16     -0.28     0.33     1 
0360324603   39.75035   -105.48278     0.09      0.09     0.13     1 
0360324604   39.75050   -105.44356    -0.04      0.14     0.15     1 
0360324605   39.75064   -105.40435    -0.12      0.16     0.20     1 
0360324606   39.75077   -105.36513     0.06      0.06     0.09     1 
0360324607   39.75089   -105.32591     0.10      0.10     0.14     1 
0360324608   39.75100   -105.28669     0.03      0.25     0.25     1 
0360324609   39.75109   -105.24746     0.46      0.10     0.47     1 
0360324614   39.75134   -105.05136    -0.15     -0.02     0.15     1 
0360324653   39.71619   -106.46254     0.32      0.12     0.34     1 
0360324654   39.71667   -106.42335     0.19      0.09     0.22     1 
0360324655   39.71715   -106.38416     0.31      0.31     0.44     1 
0360324656   39.71761   -106.34497     0.55      0.14     0.57     2 
0360324659   39.71891   -106.22740     0.62     -0.21     0.65     2 
0360324661   39.71971   -106.14901     0.08      0.39     0.40     1 
0360324664   39.72082   -106.03142    -0.16     -0.07     0.18     1 
0360324665   39.72116   -105.99222    -0.22     -0.06     0.23     1 
0360324666   39.72149   -105.95302    -0.19     -0.14     0.23     1 
0360324667   39.72180   -105.91382     0.36     -0.18     0.40     1 
0360324668   39.72210   -105.87462    -0.19      0.05     0.20     1 
0360324669   39.72239   -105.83543    -0.29     -0.16     0.33     1 
0360324671   39.72293   -105.75702    -0.17     -0.41     0.45     1 
0360324672   39.72318   -105.71782    -0.13     -0.15     0.19     1 
0360324676   39.72404   -105.56101     0.25      0.02     0.25     1 
0360324677   39.72423   -105.52181     0.26     -0.04     0.27     1 
0360324678   39.72440   -105.48260     0.04      0.16     0.16     1 
0360324679   39.72455   -105.44340     0.03      0.19     0.20     1 
0360324680   39.72470   -105.40419     0.16      0.05     0.17     1 
0360324681   39.72483   -105.36499     0.11      0.13     0.18     1 
0360324682   39.72494   -105.32578     0.08      0.13     0.15     1 
0360324683   39.72505   -105.28658     0.09      0.19     0.21     1 
0360324684   39.72514   -105.24737     0.22      0.09     0.24     1 
0360324736   39.69377   -106.14858     0.09      0.35     0.37     1 
0360324740   39.69521   -105.99185    -0.54      0.21     0.58     2 
0360324741   39.69554   -105.95267    -0.27     -0.11     0.29     1 
0360324742   39.69586   -105.91348    -0.03     -0.25     0.25     1 
0360324743   39.69616   -105.87430    -0.11      0.01     0.11     1 
0360324744   39.69645   -105.83511    -0.23     -0.05     0.24     1 
0360324745   39.69672   -105.79593    -0.23     -0.17     0.29     1 
0360324746   39.69698   -105.75674     0.07     -0.09     0.11     1 
0360324747   39.69723   -105.71755     0.39     -0.38     0.54     2 
0360324748   39.69747   -105.67836     0.14      0.43     0.45     1 
0360324752   39.69828   -105.52161    -0.08      0.11     0.13     1 
0360324755   39.69875   -105.40404     0.49     -0.16     0.52     2 
0360324756   39.69888   -105.36485     0.52     -0.12     0.53     2 
0360324757   39.69899   -105.32566     0.16     -0.02     0.16     1 
0360324758   39.69910   -105.28647     0.24     -0.01     0.24     1 
0360324759   39.69919   -105.24728     0.05      0.03     0.06     1 
0360324760   39.69926   -105.20809     0.33     -0.01     0.33     1 
0360324819   39.67050   -105.83480    -0.12     -0.08     0.15     1 
0360324820   39.67077   -105.79563    -0.64     -0.06     0.64     2 
0360324821   39.67104   -105.75646    -0.77      0.22     0.80     2 
0360324822   39.67129   -105.71728     0.10     -0.42     0.44     1 
0360324823   39.67152   -105.67811    -0.13      0.15     0.20     1 
0360324824   39.67174   -105.63894    -0.04     -0.04     0.06     1 
0360324827   39.67233   -105.52142    -0.13      0.01     0.13     1 
0360324830   39.67280   -105.40389     0.36      0.03     0.36     1 
0360324831   39.67293   -105.36472     0.42     -0.29     0.51     2 
0360324832   39.67304   -105.32554     0.18      0.06     0.19     1 
0360324833   39.67315   -105.28636     0.12      0.07     0.14     1 
0360324834   39.67324   -105.24719     0.16      0.02     0.16     1 
0360324835   39.67331   -105.20801     0.28      0.18     0.33     1 
0360324891   39.64365   -105.95195     0.07      0.25     0.26     1 
0360324893   39.64426   -105.87364    -0.32     -0.14     0.35     1 
0360324894   39.64455   -105.83449     0.42     -0.17     0.45     1 
0360324895   39.64483   -105.79533     0.11     -0.10     0.15     1 
0360324896   39.64509   -105.75617    -0.47      0.06     0.48     1 
0360324897   39.64534   -105.71702    -0.41     -0.48     0.64     2 
0360324898   39.64557   -105.67786    -0.52      0.01     0.52     2 
0360324900   39.64600   -105.59954    -0.47      0.28     0.55     2 
0360324901   39.64620   -105.56038    -0.14     -0.39     0.41     1 
0360324902   39.64638   -105.52122     0.25     -0.25     0.36     1 
0360324905   39.64685   -105.40374     0.31     -0.00     0.31     1 
0360324906   39.64698   -105.36458     0.36     -0.11     0.38     1 
0360324907   39.64710   -105.32542     0.07      0.09     0.12     1 
0360324908   39.64720   -105.28626     0.26     -0.03     0.26     1 
0360324909   39.64729   -105.24709     0.25      0.03     0.25     1 
0360324910   39.64737   -105.20793     0.16      0.25     0.30     1 
0360324911   39.64743   -105.16877    -0.09      0.01     0.09     1 
0360324919   39.64746   -104.85547     0.00     -0.52     0.52     2 
0360324969   39.61861   -105.83418     0.07     -0.24     0.25     1 
0360324972   39.61939   -105.71675    -0.42      0.11     0.43     1 
0360324979   39.62076   -105.44273     0.45     -0.04     0.46     1 
0360324980   39.62090   -105.40359     0.33     -0.13     0.36     1 
0360324981   39.62103   -105.36444     0.29     -0.07     0.30     1 
0360324982   39.62115   -105.32530     0.05      0.06     0.08     1 
0360324983   39.62125   -105.28615     0.29     -0.15     0.33     1 
0360324984   39.62134   -105.24700     0.20     -0.09     0.22     1 
0360324985   39.62141   -105.20785     0.23     -0.12     0.26     1 
0360324994   39.62151   -104.85553    -0.18     -0.54     0.57     2 
0360325054   39.59481   -105.44257     0.12     -0.06     0.14     1 
0360325055   39.59495   -105.40344     0.16     -0.16     0.23     1 
0360325056   39.59508   -105.36431     0.26     -0.05     0.26     1 
0360325057   39.59520   -105.32517     0.30      0.03     0.30     1 
0360325058   39.59530   -105.28604     0.33     -0.11     0.35     1 
0360325059   39.59539   -105.24691     0.11     -0.10     0.14     1 
0360325060   39.59546   -105.20778     0.28     -0.22     0.36     1 
0360325130   39.56900   -105.40329     0.13      0.18     0.22     1 
0360325132   39.56925   -105.32505     0.25     -0.07     0.26     1 
0360325133   39.56935   -105.28593     0.30     -0.18     0.35     1 
0360325134   39.56944   -105.24682     0.15     -0.19     0.24     1 
0360325135   39.56952   -105.20770     0.22     -0.35     0.41     1 
0360325207   39.54330   -105.32493     0.30     -0.09     0.32     1 
0360325208   39.54340   -105.28583     0.40     -0.15     0.43     1 
0360325209   39.54349   -105.24672     0.21     -0.14     0.25     1 
0360325210   39.54357   -105.20762     0.05     -0.29     0.29     1 
0360325211   39.54363   -105.16852     0.06     -0.36     0.36     1 
0360325285   39.51761   -105.20754    -0.03     -0.24     0.24     1 
0360325286   39.51768   -105.16846     0.04     -0.31     0.31     1 
----------------------------------------------------------------------
---------------------------------------------------
Total correlated GCPs in Upper Left Quadrant: 352

GCP statistics this quadrant only (in Pixels)
Line residual statistics:
  Mean: 0.320
  Median: 0.332
  Standard Deviation: 0.273

Sample residual statistics:
  Mean: -0.197
  Median: -0.192
  Standard Deviation: 0.207

Quadrant RMSE: 0.508

---------------------------------------------------
Total correlated GCPs in Upper Right Quadrant: 56

GCP statistics this quadrant only (in Pixels)
Line residual statistics:
  Mean: 0.012
  Median: 0.006
  Standard Deviation: 0.250

Sample residual statistics:
  Mean: -0.068
  Median: -0.056
  Standard Deviation: 0.254

Quadrant RMSE: 0.363

---------------------------------------------------
Total correlated GCPs in Lower Left Quadrant: 560

GCP statistics this quadrant only (in Pixels)
Line residual statistics:
  Mean: 0.149
  Median: 0.161
  Standard Deviation: 0.245

Sample residual statistics:
  Mean: 0.048
  Median: 0.064
  Standard Deviation: 0.247

Quadrant RMSE: 0.382

---------------------------------------------------
Total correlated GCPs in Lower Right Quadrant: 120

GCP statistics this quadrant only (in Pixels)
Line residual statistics:
  Mean: 0.109
  Median: 0.150
  Standard Deviation: 0.238

Sample residual statistics:
  Mean: 0.045
  Median: 0.046
  Standard Deviation: 0.226

Quadrant RMSE: 0.349

---------------------------------------------------
---------------------------------------------------
Total correlated GCPs in scene: 1088

GCP statistics entire scene (in Pixels)
Line residual statistics:
  Mean: 0.193
  Median: 0.193
  Standard Deviation: 0.270

Sample residual statistics:
  Mean: -0.038
  Median: -0.040
  Standard Deviation: 0.259

Scene RMSE: 0.423

